=========================
compute_unconstrained_variances_and_init_acq_fun PPESMOC
=========================
acq == {u'c2': 0, u'c1': 0, u'mocotoy_2': 0, u'mocotoy_1': 0} 
unconstrainedVariances == {u'c2': array([[ 1.37734897, -0.14099512,  1.77192134],
       [-0.14099512,  1.15104355, -0.14895468],
       [ 1.77192134, -0.14895468,  2.49953502]]), u'c1': array([[ 0.41886708, -0.0540471 ,  0.57023267],
       [-0.0540471 ,  0.19065954, -0.06252403],
       [ 0.57023267, -0.06252403,  0.82810088]]), u'mocotoy_2': array([[ 0.53162147, -0.02981165,  0.65625249],
       [-0.02981165,  0.34000673, -0.02923265],
       [ 0.65625249, -0.02923265,  0.91552681]]), u'mocotoy_1': array([[ 0.21544681, -0.07618326,  0.24708259],
       [-0.07618326,  0.42079516, -0.08893943],
       [ 0.24708259, -0.08893943,  0.29613254]])} 
constrainedVariances == {} 
=========================

=========================
build_set_of_points_that_conditions_GPs PPESMOC
=========================
n_obs == 3 
X == [[0.58691406 0.83886719]
 [0.8515625  0.5703125 ]
 [0.42675781 0.10839844]
 [0.115818   0.81746866]
 [0.1038654  0.80225507]
 [0.10990076 0.75539192]
 [0.92984394 0.56128797]
 [0.89113696 0.58945666]
 [0.97802262 0.83948792]
 [0.10224334 0.91012871]
 [0.10089415 0.93451001]
 [0.99968658 0.46973102]
 [0.08338659 0.85648476]
 [0.07668444 0.90494844]
 [0.92429337 0.55638167]
 [0.08936434 0.93484808]
 [0.16752036 0.95272451]
 [0.08169198 0.89040805]
 [0.11216085 0.81680245]
 [0.04607829 0.92212093]
 [0.09690384 0.89375045]
 [0.09318538 0.84790367]
 [0.08448849 0.87158032]
 [0.97227196 0.85395515]
 [0.10786021 0.90208155]
 [1.         0.8957148 ]
 [0.92883697 0.55428684]
 [0.68513565 0.89758477]
 [0.5620376  0.59849726]
 [0.70122109 0.92822527]] 
n_total == 30 
n_test == 3 
n_pset == 24 
=========================

=========================
build_unconditioned_predictive_distributions PPESMOC
=========================
mPred == {u'mocotoy_2': array([-0.88472821,  1.39784304, -0.5131148 , -0.67781417, -0.60873038,
       -0.31499026,  1.39223335,  1.34023522, -0.75615993, -0.6050515 ,
       -0.51145387,  0.84565363, -0.71853452, -0.61224443,  1.38756031,
       -0.50641369, -0.45696238, -0.65975475, -0.6735692 , -0.53900011,
       -0.65741906, -0.72416698, -0.70364444, -0.77050412, -0.63569447,
       -0.67847103,  1.38293581, -0.76705576,  1.18894456, -0.62225534]), u'mocotoy_1': array([ 0.88472697, -1.39784145,  0.51311434,  0.13294114,  0.12302289,
        0.12802861, -1.35493034, -1.39713204, -0.52888511,  0.11556803,
        0.11185501, -1.03366141,  0.10522404,  0.09723539, -1.36990327,
        0.10324815,  0.17139027,  0.10184667,  0.12974709,  0.07714316,
        0.1128741 ,  0.11300646,  0.10515204, -0.48951266,  0.12091359,
       -0.37402238, -1.35866669,  0.55128975,  0.24526798,  0.49625845])} 
VpredInv == {u'mocotoy_2': array([[ 5.00005597e+05, -1.76639106e-01,  2.89345016e-06,
        -3.69051504e+02, -1.13183483e+01,  3.61902095e-01,
        -9.39941277e-01,  2.92840947e-01, -4.91000133e+00,
         3.03616242e+00, -1.18173250e+00,  5.60892216e-04,
         6.72765304e+00, -1.37940748e+01,  2.78445746e+00,
         4.16213126e+00, -1.22153313e+00,  4.87964440e+01,
         3.73135084e+02, -3.70451159e+00, -5.89264745e+01,
         7.14168693e-02, -1.07176989e+01,  1.33355145e-01,
         2.91211500e+01,  2.86799843e+00, -1.73055226e+00,
        -6.75407290e+00, -3.12068926e-02,  1.96167290e+00],
       [-1.76639106e-01,  5.00186976e+05,  1.31079308e-02,
         5.61458179e+00, -1.08955254e+01,  4.35884187e+00,
         7.90764234e+02, -8.23046376e+01,  4.37331585e+00,
         7.16868955e-02,  9.78447352e-01, -4.15603850e+00,
         7.17710427e+00, -4.25936919e-01, -3.98219214e+03,
        -1.19370954e+00,  1.12471289e-01,  7.48578070e-01,
         4.72575051e+00,  2.63962589e-01, -6.81307597e-02,
        -7.98080722e+00, -1.98047247e+00, -4.57089916e+00,
        -5.53206575e-02,  6.59116939e-01,  2.92281410e+03,
         5.15062485e-01, -2.16840088e+01, -3.34367626e-01],
       [ 2.89345016e-06,  1.31079308e-02,  5.00000157e+05,
        -2.35368786e-04, -2.75162254e-04,  1.06960281e-04,
         5.16218171e-02,  4.57721763e-04, -2.72147151e-05,
         1.23497822e-05, -1.41088547e-05, -1.34501669e-02,
         1.49740068e-04, -6.54920847e-06, -5.26588293e-01,
         1.60467770e-05, -9.36577044e-07,  4.60654478e-06,
         4.92275763e-04, -3.89155022e-06,  1.38575284e-05,
        -1.73490899e-04, -3.91594688e-05,  2.42766997e-05,
        -1.37995679e-05, -2.61184528e-06,  4.57041345e-01,
        -3.70201837e-06, -9.18232186e-04,  2.15029850e-06],
       [-3.69051504e+02,  5.61458179e+00, -2.35368786e-04,
         7.96178229e+04,  3.37124098e+03, -1.75131146e+02,
         2.12088058e+02, -4.78301150e+01, -9.03511648e+01,
        -7.98743157e+02,  1.86423112e+02,  2.81404479e-01,
         5.52739892e+03, -1.99396997e+03, -3.82428350e+02,
        -3.23258807e+02,  4.30993524e+01,  1.01457092e+04,
        -8.18750180e+04,  2.95929854e+02, -1.16357207e+04,
        -3.78389177e+03, -3.70046091e+03,  3.44434146e+02,
         5.48214665e+03, -1.62796258e+02,  1.90207810e+02,
         3.04888132e+02,  1.77851080e+01, -7.22174810e+01],
       [-1.13183483e+01, -1.08955254e+01, -2.75162254e-04,
         3.37124098e+03,  5.13600669e+02, -5.31748484e+01,
        -3.59641377e+00,  2.55862700e+00, -2.64808959e+00,
        -6.60605646e+01,  2.81105337e+01,  8.50893320e-02,
        -3.97600850e+02, -2.45897774e+01,  8.19530114e+01,
        -2.64343251e+01,  1.80613058e-01,  4.47661564e+02,
        -3.97798912e+03,  2.14170164e+00, -6.00578850e+02,
         5.07436644e+02,  1.98975333e+01,  1.06355865e+01,
         2.65304836e+02, -4.90379670e+00, -6.38405830e+01,
         8.19534546e+00,  7.03446864e+00, -1.55572202e+00],
       [ 3.61902095e-01,  4.35884187e+00,  1.06960281e-04,
        -1.75131146e+02, -5.31748484e+01,  1.02821394e+01,
         4.32454995e+00, -1.61414098e+00, -1.28292048e+00,
         2.74169687e+00, -1.58162273e+00, -2.99329976e-02,
         2.63580359e+01, -3.02111542e-01, -3.76956471e+01,
         1.46347934e+00, -1.75253520e-02, -1.44607148e+01,
         2.30600013e+02,  4.16782373e-02,  2.09561678e+01,
        -3.37986989e+01, -4.02729447e+00,  1.25057283e+00,
        -9.02442170e+00, -1.23777269e-01,  2.78982966e+01,
        -4.12484549e-01, -2.45748529e+00,  1.62697049e-01],
       [-9.39941277e-01,  7.90764234e+02,  5.16218171e-02,
         2.12088058e+02, -3.59641377e+00,  4.32454995e+00,
         6.73357377e+03, -6.90673036e+02,  2.70991488e+01,
        -1.90129762e+00,  6.90216248e+00, -7.85879806e+00,
         2.62347301e+01, -3.50710263e+00, -2.42643857e+04,
        -7.80502079e+00,  5.78313253e-01,  2.54981717e+01,
        -2.05465944e+02,  1.15615328e+00, -2.82641611e+01,
        -2.40140054e+01, -1.14476863e+01, -2.84122259e+01,
         1.12488557e+01,  4.08313455e+00,  1.66203153e+04,
         3.00600497e+00,  2.66627700e+01, -1.94013396e+00],
       [ 2.92840947e-01, -8.23046376e+01,  4.57721763e-04,
        -4.78301150e+01,  2.55862700e+00, -1.61414098e+00,
        -6.90673036e+02,  1.00702308e+02, -7.07072169e+00,
         4.45112935e-01, -1.81902321e+00, -7.76256032e-01,
        -6.74393002e+00,  7.89776880e-01,  2.11261317e+03,
         2.09771924e+00, -1.64807239e-01, -5.19853759e+00,
         4.46956463e+01, -3.63342055e-01,  5.60925705e+00,
         6.42568224e+00,  2.69525225e+00,  7.38463030e+00,
        -2.26257068e+00, -1.05572029e+00, -1.35068750e+03,
        -8.23663527e-01, -5.36920220e+00,  5.25174499e-01],
       [-4.91000133e+00,  4.37331585e+00, -2.72147151e-05,
        -9.03511648e+01, -2.64808959e+00, -1.28292048e+00,
         2.70991488e+01, -7.07072169e+00,  9.45382676e+01,
        -9.55481880e+00,  6.81075912e+01, -6.77330085e-03,
        -4.10988321e+01,  2.91397898e+01, -7.67375194e+01,
        -8.05504798e+01,  7.37798446e+00, -8.43987498e+01,
         8.89992145e+01,  1.41187320e+01,  1.00654519e+02,
         3.32655446e+01,  2.54284084e+01, -1.16793453e+02,
        -5.53123617e+01,  2.50582468e+01,  4.70331286e+01,
         2.63803109e+01,  3.93290154e-01, -1.94304392e+01],
       [ 3.03616242e+00,  7.16868955e-02,  1.23497822e-05,
        -7.98743157e+02, -6.60605646e+01,  2.74169687e+00,
        -1.90129762e+00,  4.45112935e-01, -9.55481880e+00,
         2.15978721e+04, -1.79577665e+04, -2.81025001e-03,
         1.47089866e+03, -1.32753931e+03,  2.68756653e+00,
         1.77938980e+04,  1.72743429e+02, -5.05182182e+03,
         9.06422093e+02, -5.14327714e+03,  1.92630840e+04,
        -7.43003878e+02, -1.82146898e+03,  1.80138975e+01,
        -2.83494252e+04, -2.61327222e+01, -1.12940694e+00,
         1.69391609e+01, -2.88492204e-01,  4.51314153e+01],
       [-1.18173250e+00,  9.78447352e-01, -1.41088547e-05,
         1.86423112e+02,  2.81105337e+01, -1.58162273e+00,
         6.90216248e+00, -1.81902321e+00,  6.81075912e+01,
        -1.79577665e+04,  3.64196229e+04, -5.74203363e-04,
        -8.27966870e+02,  3.01230336e+03, -1.85168744e+01,
        -3.72835973e+04, -6.63319423e+01, -3.28224310e+03,
        -2.40203424e+02,  7.44278362e+03, -1.28198977e+03,
         4.13995464e+02,  1.11183390e+03, -1.28698716e+02,
         1.24281782e+04,  1.09628279e+02,  1.11487771e+01,
         7.90725936e+01,  2.22047512e-01, -2.44752124e+02],
       [ 5.60892216e-04, -4.15603850e+00, -1.34501669e-02,
         2.81404479e-01,  8.50893320e-02, -2.99329976e-02,
        -7.85879806e+00, -7.76256032e-01, -6.77330085e-03,
        -2.81025001e-03, -5.74203363e-04,  2.30343019e+00,
        -1.90240126e-02, -2.06943434e-03,  1.38286881e+02,
         1.54347391e-03, -3.51953807e-04,  3.38099220e-02,
        -3.56853326e-01, -1.17837700e-03, -4.38329165e-02,
         2.88837929e-02, -1.33640895e-03,  6.45799797e-03,
         1.79402841e-02, -8.17020652e-04, -1.23457831e+02,
        -1.07286648e-03,  4.14107529e-01,  6.77685968e-04],
       [ 6.72765304e+00,  7.17710427e+00,  1.49740068e-04,
         5.52739892e+03, -3.97600850e+02,  2.63580359e+01,
         2.62347301e+01, -6.74393002e+00, -4.10988321e+01,
         1.47089866e+03, -8.27966870e+02, -1.90240126e-02,
         9.12825127e+03, -2.21741034e+03, -9.29790632e+01,
         6.37743645e+02,  3.31738691e+01,  1.35219229e+03,
        -4.39878026e+03,  2.25765537e+02,  2.16528640e+03,
        -6.39258022e+03, -5.07753003e+03,  3.74113998e+01,
        -1.26031534e+03, -5.26587227e+00,  6.02337021e+01,
         1.19921389e+01, -2.40596136e+00, -1.01294047e+01],
       [-1.37940748e+01, -4.25936919e-01, -6.54920847e-06,
        -1.99396997e+03, -2.45897774e+01, -3.02111542e-01,
        -3.50710263e+00,  7.89776880e-01,  2.91397898e+01,
        -1.32753931e+03,  3.01230336e+03, -2.06943434e-03,
        -2.21741034e+03,  1.50557557e+04,  8.70145730e+00,
        -2.67098365e+02, -4.96832133e+02, -1.85140942e+04,
         1.95304069e+03, -4.45386997e+03,  2.06632111e+04,
         1.00275654e+03,  3.42097834e+03, -2.38404401e+01,
        -1.58748264e+04, -3.94119007e+01, -5.05194372e+00,
         1.04309257e+02, -2.60006863e-02,  1.31710889e+01],
       [ 2.78445746e+00, -3.98219214e+03, -5.26588293e-01,
        -3.82428350e+02,  8.19530114e+01, -3.76956471e+01,
        -2.42643857e+04,  2.11261317e+03, -7.67375194e+01,
         2.68756653e+00, -1.85168744e+01,  1.38286881e+02,
        -9.29790632e+01,  8.70145730e+00,  1.09303642e+05,
         2.15408371e+01, -1.76341986e+00, -4.74058676e+01,
         2.99554074e+02, -3.78231487e+00,  4.72778363e+01,
         9.48509260e+01,  3.26315729e+01,  8.02813841e+01,
        -1.81980017e+01, -1.15311890e+01, -7.94749351e+04,
        -8.67997678e+00,  1.73323933e+02,  5.61889626e+00],
       [ 4.16213126e+00, -1.19370954e+00,  1.60467770e-05,
        -3.23258807e+02, -2.64343251e+01,  1.46347934e+00,
        -7.80502079e+00,  2.09771924e+00, -8.05504798e+01,
         1.77938980e+04, -3.72835973e+04,  1.54347391e-03,
         6.37743645e+02, -2.67098365e+02,  2.15408371e+01,
         3.96620153e+04, -3.26985269e+02,  1.84289699e+03,
         3.64791885e+02, -9.33830395e+03,  2.83676008e+03,
        -3.16400773e+02, -8.56971428e+02,  1.47313070e+02,
        -1.45314942e+04, -1.24587880e+02, -1.30936135e+01,
        -8.75518526e+01, -2.15351284e-01,  2.81381748e+02],
       [-1.22153313e+00,  1.12471289e-01, -9.36577044e-07,
         4.30993524e+01,  1.80613058e-01, -1.75253520e-02,
         5.78313253e-01, -1.64807239e-01,  7.37798446e+00,
         1.72743429e+02, -6.63319423e+01, -3.51953807e-04,
         3.31738691e+01, -4.96832133e+02, -1.76341986e+00,
        -3.26985269e+02,  1.30176274e+02,  2.18365237e+02,
        -4.07117915e+01,  3.58805028e+02, -2.10550072e+02,
        -1.76913971e+01, -4.28798734e+01, -1.15264992e+01,
         2.55379213e+02,  6.69967840e+00,  1.10550755e+00,
         1.05802172e+01,  4.10810423e-03, -1.87280443e+01],
       [ 4.87964440e+01,  7.48578070e-01,  4.60654478e-06,
         1.01457092e+04,  4.47661564e+02, -1.44607148e+01,
         2.54981717e+01, -5.19853759e+00, -8.43987498e+01,
        -5.05182182e+03, -3.28224310e+03,  3.38099220e-02,
         1.35219229e+03, -1.85140942e+04, -4.74058676e+01,
         1.84289699e+03,  2.18365237e+02,  4.35988685e+04,
        -1.06453452e+04,  3.56605458e+03, -5.79586871e+04,
         2.57846658e+01, -4.74930543e+03,  4.10712763e+01,
         3.90126834e+04,  2.59841756e+01,  2.40519891e+01,
         8.23319108e+00,  1.63158373e+00, -7.58584341e+01],
       [ 3.73135084e+02,  4.72575051e+00,  4.92275763e-04,
        -8.18750180e+04, -3.97798912e+03,  2.30600013e+02,
        -2.05465944e+02,  4.46956463e+01,  8.89992145e+01,
         9.06422093e+02, -2.40203424e+02, -3.56853326e-01,
        -4.39878026e+03,  1.95304069e+03,  2.99554074e+02,
         3.64791885e+02, -4.07117915e+01, -1.06453452e+04,
         8.49760312e+04, -2.83860114e+02,  1.24131632e+04,
         2.59362340e+03,  3.45245403e+03, -3.45718750e+02,
        -5.81394977e+03,  1.63661083e+02, -1.27304270e+02,
        -3.04981794e+02, -2.41741811e+01,  7.12108366e+01],
       [-3.70451159e+00,  2.63962589e-01, -3.89155022e-06,
         2.95929854e+02,  2.14170164e+00,  4.16782373e-02,
         1.15615328e+00, -3.63342055e-01,  1.41187320e+01,
        -5.14327714e+03,  7.44278362e+03, -1.17837700e-03,
         2.25765537e+02, -4.45386997e+03, -3.78231487e+00,
        -9.33830395e+03,  3.58805028e+02,  3.56605458e+03,
        -2.83860114e+02,  4.34715375e+03, -6.16354689e+03,
        -1.14493602e+02, -3.21538277e+02, -2.22051037e+01,
         9.63197539e+03,  2.73131384e+01,  2.41796486e+00,
        -1.08496891e+01,  7.84013634e-03, -4.91239814e+01],
       [-5.89264745e+01, -6.81307597e-02,  1.38575284e-05,
        -1.16357207e+04, -6.00578850e+02,  2.09561678e+01,
        -2.82641611e+01,  5.60925705e+00,  1.00654519e+02,
         1.92630840e+04, -1.28198977e+03, -4.38329165e-02,
         2.16528640e+03,  2.06632111e+04,  4.72778363e+01,
         2.83676008e+03, -2.10550072e+02, -5.79586871e+04,
         1.24131632e+04, -6.16354689e+03,  9.04947014e+04,
        -1.91000133e+03,  1.57802216e+03, -4.63408880e+01,
        -6.96993572e+04, -4.79532547e+01, -2.24290457e+01,
         2.30696937e+01, -2.30716639e+00,  1.03839019e+02],
       [ 7.14168693e-02, -7.98080722e+00, -1.73490899e-04,
        -3.78389177e+03,  5.07436644e+02, -3.37986989e+01,
        -2.40140054e+01,  6.42568224e+00,  3.32655446e+01,
        -7.43003878e+02,  4.13995464e+02,  2.88837929e-02,
        -6.39258022e+03,  1.00275654e+03,  9.48509260e+01,
        -3.16400773e+02, -1.76913971e+01,  2.57846658e+01,
         2.59362340e+03, -1.14493602e+02, -1.91000133e+03,
         4.94795469e+03,  2.90312206e+03, -3.43890624e+01,
         9.14976308e+02,  6.30664887e+00, -6.29479210e+01,
        -1.05455079e+01,  3.15064571e+00,  6.54096127e+00],
       [-1.07176989e+01, -1.98047247e+00, -3.91594688e-05,
        -3.70046091e+03,  1.98975333e+01, -4.02729447e+00,
        -1.14476863e+01,  2.69525225e+00,  2.54284084e+01,
        -1.82146898e+03,  1.11183390e+03, -1.33640895e-03,
        -5.07753003e+03,  3.42097834e+03,  3.26315729e+01,
        -8.56971428e+02, -4.28798734e+01, -4.74930543e+03,
         3.45245403e+03, -3.21538277e+02,  1.57802216e+03,
         2.90312206e+03,  4.23756615e+03, -1.72853016e+01,
        -1.39531975e+02,  3.70073999e-01, -1.99099727e+01,
        -9.60346424e+00,  3.13723105e-01,  1.14587096e+01],
       [ 1.33355145e-01, -4.57089916e+00,  2.42766997e-05,
         3.44434146e+02,  1.06355865e+01,  1.25057283e+00,
        -2.84122259e+01,  7.38463030e+00, -1.16793453e+02,
         1.80138975e+01, -1.28698716e+02,  6.45799797e-03,
         3.74113998e+01, -2.38404401e+01,  8.02813841e+01,
         1.47313070e+02, -1.15264992e+01,  4.10712763e+01,
        -3.45718750e+02, -2.22051037e+01, -4.63408880e+01,
        -3.43890624e+01, -1.72853016e+01,  1.58427572e+02,
         3.06284267e+01, -4.26831987e+01, -4.91609026e+01,
        -3.16957260e+01, -3.80164389e-01,  2.98558029e+01],
       [ 2.91211500e+01, -5.53206575e-02, -1.37995679e-05,
         5.48214665e+03,  2.65304836e+02, -9.02442170e+00,
         1.12488557e+01, -2.26257068e+00, -5.53123617e+01,
        -2.83494252e+04,  1.24281782e+04,  1.79402841e-02,
        -1.26031534e+03, -1.58748264e+04, -1.81980017e+01,
        -1.45314942e+04,  2.55379213e+02,  3.90126834e+04,
        -5.81394977e+03,  9.63197539e+03, -6.96993572e+04,
         9.14976308e+02, -1.39531975e+02,  3.06284267e+01,
         6.77989135e+04,  7.36080808e+01,  8.42867658e+00,
        -1.43264658e+02,  1.02126970e+00, -6.54330124e+01],
       [ 2.86799843e+00,  6.59116939e-01, -2.61184528e-06,
        -1.62796258e+02, -4.90379670e+00, -1.23777269e-01,
         4.08313455e+00, -1.05572029e+00,  2.50582468e+01,
        -2.61327222e+01,  1.09628279e+02, -8.17020652e-04,
        -5.26587227e+00, -3.94119007e+01, -1.15311890e+01,
        -1.24587880e+02,  6.69967840e+00,  2.59841756e+01,
         1.63661083e+02,  2.73131384e+01, -4.79532547e+01,
         6.30664887e+00,  3.70073999e-01, -4.26831987e+01,
         7.36080808e+01,  2.32900628e+01,  7.05648870e+00,
        -5.75764516e-01,  4.49215185e-02, -1.23928861e+01],
       [-1.73055226e+00,  2.92281410e+03,  4.57041345e-01,
         1.90207810e+02, -6.38405830e+01,  2.78982966e+01,
         1.66203153e+04, -1.35068750e+03,  4.70331286e+01,
        -1.12940694e+00,  1.11487771e+01, -1.23457831e+02,
         6.02337021e+01, -5.05194372e+00, -7.94749351e+04,
        -1.30936135e+01,  1.10550755e+00,  2.40519891e+01,
        -1.27304270e+02,  2.41796486e+00, -2.24290457e+01,
        -6.29479210e+01, -1.99099727e+01, -4.91609026e+01,
         8.42867658e+00,  7.05648870e+00,  5.86245445e+04,
         5.35364803e+00, -1.61070051e+02, -3.46760769e+00],
       [-6.75407290e+00,  5.15062485e-01, -3.70201837e-06,
         3.04888132e+02,  8.19534546e+00, -4.12484549e-01,
         3.00600497e+00, -8.23663527e-01,  2.63803109e+01,
         1.69391609e+01,  7.90725936e+01, -1.07286648e-03,
         1.19921389e+01,  1.04309257e+02, -8.67997678e+00,
        -8.75518526e+01,  1.05802172e+01,  8.23319108e+00,
        -3.04981794e+02, -1.08496891e+01,  2.30696937e+01,
        -1.05455079e+01, -9.60346424e+00, -3.16957260e+01,
        -1.43264658e+02, -5.75764516e-01,  5.35364803e+00,
         4.11931238e+01,  4.45927729e-02, -2.23225725e+01],
       [-3.12068926e-02, -2.16840088e+01, -9.18232186e-04,
         1.77851080e+01,  7.03446864e+00, -2.45748529e+00,
         2.66627700e+01, -5.36920220e+00,  3.93290154e-01,
        -2.88492204e-01,  2.22047512e-01,  4.14107529e-01,
        -2.40596136e+00, -2.60006863e-02,  1.73323933e+02,
        -2.15351284e-01,  4.10810423e-03,  1.63158373e+00,
        -2.41741811e+01,  7.84013634e-03, -2.30716639e+00,
         3.15064571e+00,  3.13723105e-01, -3.80164389e-01,
         1.02126970e+00,  4.49215185e-02, -1.61070051e+02,
         4.45927729e-02,  1.06648741e+01, -2.33302999e-02],
       [ 1.96167290e+00, -3.34367626e-01,  2.15029850e-06,
        -7.22174810e+01, -1.55572202e+00,  1.62697049e-01,
        -1.94013396e+00,  5.25174499e-01, -1.94304392e+01,
         4.51314153e+01, -2.44752124e+02,  6.77685968e-04,
        -1.01294047e+01,  1.31710889e+01,  5.61889626e+00,
         2.81381748e+02, -1.87280443e+01, -7.58584341e+01,
         7.12108366e+01, -4.91239814e+01,  1.03839019e+02,
         6.54096127e+00,  1.14587096e+01,  2.98558029e+01,
        -6.54330124e+01, -1.23928861e+01, -3.46760769e+00,
        -2.23225725e+01, -2.33302999e-02,  2.55133023e+01]]), u'mocotoy_1': array([[ 5.00002348e+05,  5.08842167e-01,  3.68220634e-02,
        -1.24476487e+01, -1.04322559e+00,  7.41812788e-02,
         4.92748981e-01,  8.12881596e-01, -1.15855268e+00,
        -9.56868688e+00,  9.65196814e+00, -3.12429766e-02,
        -3.78637523e+00,  2.34836481e+00, -1.22314337e+01,
        -6.37596284e+00, -1.34635603e+00, -1.18761978e+00,
         1.37202758e+01,  1.68061770e-01, -5.19968532e-01,
         9.70181384e-01,  3.02009952e+00,  1.89342771e+00,
         6.04853707e+00, -6.29153177e-01,  1.03155077e+01,
        -1.10967835e+01, -1.06079612e+00,  7.53351980e+00],
       [ 5.08842167e-01,  5.00024362e+05, -2.00645285e-02,
         5.70596764e+00, -1.94414274e+00,  6.85608372e-01,
         2.97301901e+02, -9.08857826e+01, -8.68781557e+00,
         1.77293803e+00, -8.40050055e-01,  1.34835625e+00,
         3.30499907e+00, -6.23755337e-01,  1.14537721e+02,
         5.81229638e-01,  3.82180333e-02,  1.07727768e+00,
        -4.48350488e+00, -4.16404151e-02, -6.67279062e-02,
        -1.09510065e+00, -2.59852780e+00,  1.26795579e+01,
        -1.36219108e+00, -3.47196635e+00, -3.69096099e+02,
        -2.70222381e+00, -2.16187975e+00,  1.89996924e+00],
       [ 3.68220634e-02, -2.00645285e-02,  5.00000368e+05,
         1.30039383e+00,  1.00704904e+00, -3.05289566e-01,
         3.77755166e-02,  2.11266000e-01, -7.77512182e-02,
        -1.52798501e-01,  2.54418180e-02, -1.62036045e-02,
        -2.92740929e-01,  5.81282655e-02, -1.33398256e+00,
        -2.78494808e-03, -8.04077051e-03, -1.66428325e-01,
        -1.96915112e+00, -6.13030879e-04, -1.09504297e-03,
        -3.09513110e-02,  3.74075931e-01,  6.81707001e-02,
         1.42602396e-01,  3.54278424e-03,  1.14571014e+00,
         2.03976732e-02, -1.48960160e-01, -4.31604494e-02],
       [-1.24476487e+01,  5.70596764e+00,  1.30039383e+00,
         1.39679720e+05,  3.75821051e+04, -3.31340250e+03,
         4.20737133e+01, -1.55813039e+01,  4.08496286e+00,
         1.38784902e+04,  3.65567788e+03,  5.50023413e-02,
        -2.03980314e+04, -3.02411110e+03,  6.28654556e+00,
        -4.31499315e+03, -2.56161211e+02,  8.78458282e+03,
        -1.89180672e+05,  3.58325456e+02, -2.94212216e+03,
         3.87775716e+04, -4.15502078e+03, -6.59393047e+00,
        -1.51234227e+04,  2.01970400e+00, -4.29394734e+01,
         4.54326766e+01, -6.37744559e+00, -2.85541342e+01],
       [-1.04322559e+00, -1.94414274e+00,  1.00704904e+00,
         3.75821051e+04,  1.48518806e+04, -1.72505919e+03,
        -1.10552883e+01,  3.90956292e+00,  7.59740133e-01,
         6.14750377e+02,  7.11681578e+02, -4.53599520e-02,
        -1.29907488e+04,  7.06804580e+02,  4.53446788e+00,
        -7.13144569e+02, -5.52243708e+01, -1.48502233e+03,
        -5.42966020e+04,  8.22667126e+01, -2.34629172e+03,
         1.08144225e+04,  8.66804849e+03, -1.04743970e+00,
        -4.30267053e+02,  2.06909374e-01,  5.87129136e+00,
         2.96982307e-01,  3.22228212e+00,  4.48641652e-01],
       [ 7.41812788e-02,  6.85608372e-01, -3.05289566e-01,
        -3.31340250e+03, -1.72505919e+03,  3.16806035e+02,
         4.06396397e+00, -1.46646967e+00, -1.38997225e-01,
        -1.27809704e+01, -7.21518646e+01,  1.57083449e-02,
         9.27453355e+02, -1.15784558e+02, -1.14121681e+00,
         5.95186269e+01,  5.00347697e+00,  4.84863514e+02,
         4.77325809e+03, -3.90294039e+00, -8.44640717e+01,
        -2.33226383e+02, -1.11273843e+03,  1.77319310e-01,
         1.11556199e+02, -2.34074931e-02, -2.61895419e+00,
         7.42102269e-01, -1.05639137e+00, -6.48282138e-01],
       [ 4.92748981e-01,  2.97301901e+02,  3.77755166e-02,
         4.20737133e+01, -1.10552883e+01,  4.06396397e+00,
         7.91580344e+03, -1.83195368e+03, -4.31318823e+02,
         1.48958626e+01, -9.29709049e+00,  1.80868364e+02,
         2.21526185e+01, -4.85811885e+00,  8.74408655e+03,
         6.33497501e+00,  8.19359566e-01,  7.18353646e+00,
        -3.54077513e+01, -3.34414322e-01, -1.95429638e-01,
        -7.30205987e+00, -1.73689413e+01,  4.28970718e+02,
        -1.08918165e+01, -2.51277074e+01, -1.55562088e+04,
         1.81352124e+01, -1.37338591e+01, -1.69846979e+01],
       [ 8.12881596e-01, -9.08857826e+01,  2.11266000e-01,
        -1.55813039e+01,  3.90956292e+00, -1.46646967e+00,
        -1.83195368e+03,  6.27404652e+02,  4.94169024e+01,
        -4.90937721e+00,  3.21696037e+00, -3.55098989e+01,
        -8.04864937e+00,  1.69360892e+00, -3.06350894e+03,
        -2.23438085e+00, -2.41228199e-01, -2.77796268e+00,
         1.32943651e+01,  1.28552156e-01,  4.87096545e-01,
         2.57285175e+00,  6.40335179e+00, -8.01825363e+01,
         3.25925264e+00,  2.53607625e+01,  4.48701967e+03,
        -1.61939403e+01,  4.30428957e+00,  1.19294511e+01],
       [-1.15855268e+00, -8.68781557e+00, -7.77512182e-02,
         4.08496286e+00,  7.59740133e-01, -1.38997225e-01,
        -4.31318823e+02,  4.94169024e+01,  4.07377298e+02,
        -3.10820060e+00,  1.89646073e+00, -3.50464406e+00,
         6.21655309e-01,  5.61204911e-01, -1.76290542e+01,
        -1.09606925e+00, -5.46620037e-01,  9.25728817e-01,
        -4.80650657e+00, -3.02938136e-02, -2.63546195e+00,
        -9.38244923e-02, -5.99771610e-01, -4.32748761e+02,
         4.14886941e+00,  3.27155625e+01,  4.07359555e+02,
        -1.91560202e+01,  1.07927161e+00,  2.88919309e+01],
       [-9.56868688e+00,  1.77293803e+00, -1.52798501e-01,
         1.38784902e+04,  6.14750377e+02, -1.27809704e+01,
         1.48958626e+01, -4.90937721e+00, -3.10820060e+00,
         1.03254412e+05, -2.95932661e+04,  3.33609382e-02,
        -2.26386402e+04, -2.32086083e+04, -4.93566943e-01,
         1.02777085e+04,  8.77849161e+02,  5.35629747e+03,
        -1.60126287e+04,  2.79667645e+03, -3.98095602e+04,
         1.34462421e+04,  3.11043818e+04,  2.69614619e+00,
        -5.03225383e+04,  4.82821296e-01, -1.27101075e+01,
         3.59029232e+01, -1.69284417e-01, -2.56206369e+01],
       [ 9.65196814e+00, -8.40050055e-01,  2.54418180e-02,
         3.65567788e+03,  7.11681578e+02, -7.21518646e+01,
        -9.29709049e+00,  3.21696037e+00,  1.89646073e+00,
        -2.95932661e+04,  2.78505764e+04, -2.45550638e-02,
         2.66389607e+03,  1.97016172e+04, -3.39312167e+00,
        -2.25954228e+04, -6.72887627e+02, -1.99515450e+04,
        -4.50257892e+03,  1.52477552e+02,  2.72223280e+04,
        -4.33126529e+02, -4.15780215e+03, -1.21319684e+00,
         9.20127811e+00, -6.68508946e-01,  1.11517607e+01,
        -3.39784855e+01, -1.43429210e+00,  2.35790123e+01],
       [-3.12429766e-02,  1.34835625e+00, -1.62036045e-02,
         5.50023413e-02, -4.53599520e-02,  1.57083449e-02,
         1.80868364e+02, -3.55098989e+01, -3.50464406e+00,
         3.33609382e-02, -2.45550638e-02,  1.89795797e+01,
         5.15539047e-02, -1.21283644e-02,  4.82700090e+02,
         1.69773167e-02,  2.69685511e-03,  2.05759334e-02,
        -2.76037327e-02, -8.17777816e-04, -1.83939104e-03,
        -1.19656090e-02, -4.62751702e-02,  3.73253897e+00,
        -2.28329403e-02, -4.11731707e-01, -6.47625267e+02,
         5.60666994e-01, -1.05616080e-02, -4.63421706e-01],
       [-3.78637523e+00,  3.30499907e+00, -2.92740929e-01,
        -2.03980314e+04, -1.29907488e+04,  9.27453355e+02,
         2.21526185e+01, -8.04864937e+00,  6.21655309e-01,
        -2.26386402e+04,  2.66389607e+03,  5.15539047e-02,
         6.36759956e+04, -1.29685828e+03, -1.12906177e+00,
         1.27371957e+03,  3.86891381e+00,  3.79730517e+03,
         3.77348077e+04, -4.85865676e+02,  4.37257232e+04,
        -3.39682317e+04, -6.11140249e+04, -1.24928123e+00,
        -8.86711341e+02,  5.30710082e-01, -1.87204532e+01,
         1.63507466e+01, -4.39774971e+00, -1.08828849e+01],
       [ 2.34836481e+00, -6.23755337e-01,  5.81282655e-02,
        -3.02411110e+03,  7.06804580e+02, -1.15784558e+02,
        -4.85811885e+00,  1.69360892e+00,  5.61204911e-01,
        -2.32086083e+04,  1.97016172e+04, -1.21283644e-02,
        -1.29685828e+03,  6.46353761e+04, -1.39217709e-01,
        -2.17936570e+04, -2.43124861e+02, -9.56189069e+04,
         3.34544888e+03, -3.27230915e+03,  2.81477191e+04,
        -8.66901632e+03,  3.86700893e+04, -4.12772771e-01,
         2.00376103e+03, -1.53300515e-01,  4.42292094e+00,
        -8.95938510e+00,  3.66458031e-01,  6.30881927e+00],
       [-1.22314337e+01,  1.14537721e+02, -1.33398256e+00,
         6.28654556e+00,  4.53446788e+00, -1.14121681e+00,
         8.74408655e+03, -3.06350894e+03, -1.76290542e+01,
        -4.93566943e-01, -3.39312167e+00,  4.82700090e+02,
        -1.12906177e+00, -1.39217709e-01,  2.91571732e+04,
         2.57000280e+00,  3.00539261e-01,  8.61934424e-01,
        -1.00655456e+01, -1.16758298e-01, -2.87457177e+00,
         9.95939363e-01,  2.89269332e-01,  1.31353726e+02,
         3.55249050e+00, -8.17184253e+01, -3.55841124e+04,
         1.38130553e+02,  7.09787615e+00, -9.72549063e+01],
       [-6.37596284e+00,  5.81229638e-01, -2.78494808e-03,
        -4.31499315e+03, -7.13144569e+02,  5.95186269e+01,
         6.33497501e+00, -2.23438085e+00, -1.09606925e+00,
         1.02777085e+04, -2.25954228e+04,  1.69773167e-02,
         1.27371957e+03, -2.17936570e+04,  2.57000280e+00,
         2.24179760e+04,  4.55218669e+02,  2.73956956e+04,
         5.35629538e+03, -4.03067563e+02, -2.14921547e+04,
        -1.54621320e+03, -3.63827297e+03,  6.09485661e-01,
         9.27359271e+03,  4.66575842e-01, -7.83020424e+00,
         2.23772572e+01,  8.93010322e-01, -1.54536131e+01],
       [-1.34635603e+00,  3.82180333e-02, -8.04077051e-03,
        -2.56161211e+02, -5.52243708e+01,  5.00347697e+00,
         8.19359566e-01, -2.41228199e-01, -5.46620037e-01,
         8.77849161e+02, -6.72887627e+02,  2.69685511e-03,
         3.86891381e+00, -2.43124861e+02,  3.00539261e-01,
         4.55218669e+02,  6.86880043e+01, -7.56931269e+01,
         3.25592924e+02,  9.02001135e-01,  2.88674302e+02,
        -3.37842332e+01,  4.07746860e+01,  5.13237295e-01,
        -7.26730569e+02,  5.09135350e-02, -9.74657341e-01,
         4.97039551e+00,  3.29715165e-01, -3.59424082e+00],
       [-1.18761978e+00,  1.07727768e+00, -1.66428325e-01,
         8.78458282e+03, -1.48502233e+03,  4.84863514e+02,
         7.18353646e+00, -2.77796268e+00,  9.25728817e-01,
         5.35629747e+03, -1.99515450e+04,  2.05759334e-02,
         3.79730517e+03, -9.56189069e+04,  8.61934424e-01,
         2.73956956e+04, -7.56931269e+01,  1.83254060e+05,
        -1.22657684e+04,  2.86494114e+03, -5.62543370e+04,
         2.88661082e+04, -9.69276732e+04, -1.28297710e+00,
         2.18001678e+04,  2.77719229e-01, -7.16031958e+00,
         4.47198553e+00, -1.40871591e+00, -2.57422393e+00],
       [ 1.37202758e+01, -4.48350488e+00, -1.96915112e+00,
        -1.89180672e+05, -5.42966020e+04,  4.77325809e+03,
        -3.54077513e+01,  1.32943651e+01, -4.80650657e+00,
        -1.60126287e+04, -4.50257892e+03, -2.76037327e-02,
         3.77348077e+04,  3.34544888e+03, -1.00655456e+01,
         5.35629538e+03,  3.25592924e+02, -1.22657684e+04,
         2.60430569e+05, -5.13472471e+02,  8.57295687e+03,
        -5.87421853e+04, -9.41104509e+02,  7.61840962e+00,
         1.59112429e+04, -2.24616097e+00,  4.03152803e+01,
        -4.73564674e+01,  4.19117787e+00,  2.92809594e+01],
       [ 1.68061770e-01, -4.16404151e-02, -6.13030879e-04,
         3.58325456e+02,  8.22667126e+01, -3.90294039e+00,
        -3.34414322e-01,  1.28552156e-01, -3.02938136e-02,
         2.79667645e+03,  1.52477552e+02, -8.17777816e-04,
        -4.85865676e+02, -3.27230915e+03, -1.16758298e-01,
        -4.03067563e+02,  9.02001135e-01,  2.86494114e+03,
        -5.13472471e+02,  5.96581266e+02,  8.25114589e+02,
         6.22434745e+02, -9.85484680e+02,  5.70708530e-02,
        -2.62958999e+03, -2.21218774e-02,  3.99390855e-01,
        -5.74709918e-01,  1.99689643e-02,  3.67900094e-01],
       [-5.19968532e-01, -6.67279062e-02, -1.09504297e-03,
        -2.94212216e+03, -2.34629172e+03, -8.44640717e+01,
        -1.95429638e-01,  4.87096545e-01, -2.63546195e+00,
        -3.98095602e+04,  2.72223280e+04, -1.83939104e-03,
         4.37257232e+04,  2.81477191e+04, -2.87457177e+00,
        -2.14921547e+04,  2.88674302e+02, -5.62543370e+04,
         8.57295687e+03,  8.25114589e+02,  9.78269816e+04,
        -2.72327545e+04, -3.10937656e+04,  3.17270029e+00,
        -2.53328284e+04, -3.58614765e-01,  2.73657124e+00,
         4.26251625e+00,  1.70900955e-01, -4.31574323e+00],
       [ 9.70181384e-01, -1.09510065e+00, -3.09513110e-02,
         3.87775716e+04,  1.08144225e+04, -2.33226383e+02,
        -7.30205987e+00,  2.57285175e+00, -9.38244923e-02,
         1.34462421e+04, -4.33126529e+02, -1.19656090e-02,
        -3.39682317e+04, -8.66901632e+03,  9.95939363e-01,
        -1.54621320e+03, -3.37842332e+01,  2.88661082e+04,
        -5.87421853e+04,  6.22434745e+02, -2.72327545e+04,
         4.00565512e+04, -6.29935284e+02,  2.54480373e-01,
        -1.09847438e+03, -1.37604653e-01,  5.62186465e+00,
        -4.69793262e+00,  1.57458668e+00,  3.19940520e+00],
       [ 3.02009952e+00, -2.59852780e+00,  3.74075931e-01,
        -4.15502078e+03,  8.66804849e+03, -1.11273843e+03,
        -1.73689413e+01,  6.40335179e+00, -5.99771610e-01,
         3.11043818e+04, -4.15780215e+03, -4.62751702e-02,
        -6.11140249e+04,  3.86700893e+04,  2.89269332e-01,
        -3.63827297e+03,  4.07746860e+01, -9.69276732e+04,
        -9.41104509e+02, -9.85484680e+02, -3.10937656e+04,
        -6.29935284e+02,  1.31956527e+05,  1.11329767e+00,
        -5.71585637e+03, -4.32747294e-01,  1.52048590e+01,
        -1.28702322e+01,  3.40590813e+00,  8.50819642e+00],
       [ 1.89342771e+00,  1.26795579e+01,  6.81707001e-02,
        -6.59393047e+00, -1.04743970e+00,  1.77319310e-01,
         4.28970718e+02, -8.01825363e+01, -4.32748761e+02,
         2.69614619e+00, -1.21319684e+00,  3.73253897e+00,
        -1.24928123e+00, -4.12772771e-01,  1.31353726e+02,
         6.09485661e-01,  5.13237295e-01, -1.28297710e+00,
         7.61840962e+00,  5.70708530e-02,  3.17270029e+00,
         2.54480373e-01,  1.11329767e+00,  4.96166370e+02,
        -4.37750701e+00, -6.63159543e+01, -5.00385662e+02,
         1.84145518e+01, -1.41692598e+00, -3.11157191e+01],
       [ 6.04853707e+00, -1.36219108e+00,  1.42602396e-01,
        -1.51234227e+04, -4.30267053e+02,  1.11556199e+02,
        -1.08918165e+01,  3.25925264e+00,  4.14886941e+00,
        -5.03225383e+04,  9.20127811e+00, -2.28329403e-02,
        -8.86711341e+02,  2.00376103e+03,  3.55249050e+00,
         9.27359271e+03, -7.26730569e+02,  2.18001678e+04,
         1.59112429e+04, -2.62958999e+03, -2.53328284e+04,
        -1.09847438e+03, -5.71585637e+03, -4.37750701e+00,
         5.31387803e+04,  2.91404255e-02,  6.47558073e+00,
        -2.52317090e+01,  5.82718949e-01,  1.91491854e+01],
       [-6.29153177e-01, -3.47196635e+00,  3.54278424e-03,
         2.01970400e+00,  2.06909374e-01, -2.34074931e-02,
        -2.51277074e+01,  2.53607625e+01,  3.27155625e+01,
         4.82821296e-01, -6.68508946e-01, -4.11731707e-01,
         5.30710082e-01, -1.53300515e-01, -8.17184253e+01,
         4.66575842e-01,  5.09135350e-02,  2.77719229e-01,
        -2.24616097e+00, -2.21218774e-02, -3.58614765e-01,
        -1.37604653e-01, -4.32747294e-01, -6.63159543e+01,
         2.91404255e-02,  3.21135992e+01,  9.13374351e+01,
         2.04729249e+00,  2.50847159e-01,  3.39918581e-01],
       [ 1.03155077e+01, -3.69096099e+02,  1.14571014e+00,
        -4.29394734e+01,  5.87129136e+00, -2.61895419e+00,
        -1.55562088e+04,  4.48701967e+03,  4.07359555e+02,
        -1.27101075e+01,  1.11517607e+01, -6.47625267e+02,
        -1.87204532e+01,  4.42292094e+00, -3.55841124e+04,
        -7.83020424e+00, -9.74657341e-01, -7.16031958e+00,
         4.03152803e+01,  3.99390855e-01,  2.73657124e+00,
         5.62186465e+00,  1.52048590e+01, -5.00385662e+02,
         6.47558073e+00,  9.13374351e+01,  4.80226109e+04,
        -1.37920608e+02,  5.98344505e+00,  1.00771940e+02],
       [-1.10967835e+01, -2.70222381e+00,  2.03976732e-02,
         4.54326766e+01,  2.96982307e-01,  7.42102269e-01,
         1.81352124e+01, -1.61939403e+01, -1.91560202e+01,
         3.59029232e+01, -3.39784855e+01,  5.60666994e-01,
         1.63507466e+01, -8.95938510e+00,  1.38130553e+02,
         2.23772572e+01,  4.97039551e+00,  4.47198553e+00,
        -4.73564674e+01, -5.74709918e-01,  4.26251625e+00,
        -4.69793262e+00, -1.28702322e+01,  1.84145518e+01,
        -2.52317090e+01,  2.04729249e+00, -1.37920608e+02,
         1.14298704e+02,  8.94808936e-01, -9.57232385e+01],
       [-1.06079612e+00, -2.16187975e+00, -1.48960160e-01,
        -6.37744559e+00,  3.22228212e+00, -1.05639137e+00,
        -1.37338591e+01,  4.30428957e+00,  1.07927161e+00,
        -1.69284417e-01, -1.43429210e+00, -1.05616080e-02,
        -4.39774971e+00,  3.66458031e-01,  7.09787615e+00,
         8.93010322e-01,  3.29715165e-01, -1.40871591e+00,
         4.19117787e+00,  1.99689643e-02,  1.70900955e-01,
         1.57458668e+00,  3.40590813e+00, -1.41692598e+00,
         5.82718949e-01,  2.50847159e-01,  5.98344505e+00,
         8.94808936e-01,  2.77540878e+00,  9.58815679e-02],
       [ 7.53351980e+00,  1.89996924e+00, -4.31604494e-02,
        -2.85541342e+01,  4.48641652e-01, -6.48282138e-01,
        -1.69846979e+01,  1.19294511e+01,  2.88919309e+01,
        -2.56206369e+01,  2.35790123e+01, -4.63421706e-01,
        -1.08828849e+01,  6.30881927e+00, -9.72549063e+01,
        -1.54536131e+01, -3.59424082e+00, -2.57422393e+00,
         2.92809594e+01,  3.67900094e-01, -4.31574323e+00,
         3.19940520e+00,  8.50819642e+00, -3.11157191e+01,
         1.91491854e+01,  3.39918581e-01,  1.00771940e+02,
        -9.57232385e+01,  9.58815679e-02,  8.47360737e+01]])} 
VpredInv_cons == {u'c2': array([[ 5.00001633e+05, -6.08169365e-02,  1.01452396e-05,
        -1.06942751e+02, -3.46484475e+00,  8.25567950e-02,
        -5.65107932e-02,  6.48989362e-02, -2.09055482e+00,
         2.09651970e+00, -3.38393333e-01,  9.47006738e-04,
        -1.22060475e+00, -1.49376461e+00,  5.29122042e-01,
         1.74815227e+00, -5.76101831e-01,  4.91734282e+00,
         1.08181908e+02, -1.75508759e+00, -5.40744468e+00,
         2.19546141e+00, -7.29983003e-01,  1.14544172e+00,
         1.54346308e+00,  6.02839654e-01, -4.05153935e-01,
        -2.99967261e+00, -1.35074493e-03,  1.25130593e+00],
       [-6.08169365e-02,  5.00093242e+05,  1.30626454e-02,
         4.81881169e+00, -6.44587702e+00,  2.34251061e+00,
         4.50334183e+02, -4.69144910e+01,  3.84820579e+00,
         3.17562402e-01,  1.36114322e-01, -1.93486322e+00,
         5.70551214e+00, -5.61428611e-01, -2.09538284e+03,
        -1.96341838e-01,  3.93666527e-02,  2.12288174e+00,
         1.54319769e+00, -2.93862684e-04, -1.69921666e+00,
        -5.83744033e+00, -2.01880334e+00, -4.17825256e+00,
         3.98990480e-01,  6.20890206e-01,  1.51568486e+03,
         3.24258916e-01, -9.48702752e+00, -1.92713337e-01],
       [ 1.01452396e-05,  1.30626454e-02,  5.00000047e+05,
         8.20169510e-04, -5.53625243e-04,  2.13178346e-04,
         5.28258401e-02,  4.06922121e-04, -1.20655623e-04,
         5.40015930e-05, -5.73766435e-05, -1.11520114e-02,
         5.64843017e-04, -4.54055809e-05, -5.20496042e-01,
         7.44761177e-05, -5.90856843e-06,  2.61174569e-04,
        -2.64655753e-04, -3.15411839e-05, -2.22192881e-04,
