=========================
compute_unconstrained_variances_and_init_acq_fun PPESMOC
=========================
acq == {u'c2': 0, u'c1': 0, u'mocotoy_2': 0, u'mocotoy_1': 0} 
unconstrainedVariances == {u'c2': array([[0.61510952, 0.25023943, 0.1068666 ],
       [0.25023943, 4.96429855, 3.06421572],
       [0.1068666 , 3.06421572, 4.95763838]]), u'c1': array([[ 3.60432091e+00, -1.75497404e-07, -2.95476197e-06],
       [-1.75497404e-07,  3.74011076e+00,  1.03347085e+00],
       [-2.95476197e-06,  1.03347085e+00,  3.74011076e+00]]), u'mocotoy_2': array([[0.57463088, 0.05374606, 0.00435095],
       [0.05374606, 2.08027978, 0.5529349 ],
       [0.00435095, 0.5529349 , 2.03225324]]), u'mocotoy_1': array([[ 0.03054431, -0.05929106, -0.0621792 ],
       [-0.05929106,  0.65684817,  0.59466302],
       [-0.0621792 ,  0.59466302,  0.57794189]])} 
constrainedVariances == {} 
=========================

=========================
build_set_of_points_that_conditions_GPs PPESMOC
=========================
n_obs == 3 
X == [[0.58691406 0.83886719]
 [0.8515625  0.5703125 ]
 [0.42675781 0.10839844]
 [0.63886997 0.95711594]
 [0.54885202 0.90211217]
 [0.86789388 0.99289951]
 [0.9749145  0.9951069 ]
 [0.76636861 0.81696705]
 [0.58845663 0.90706563]
 [0.87878402 0.04436925]
 [0.86464263 0.03988868]
 [0.59741617 0.94189081]
 [0.62602682 0.93570491]
 [0.75389333 0.99823377]
 [0.58802138 0.92415757]
 [0.75897938 0.99650294]
 [0.89673004 0.99799334]
 [0.54637831 0.91474999]
 [1.         1.        ]
 [0.4812911  0.15167596]
 [0.15230134 0.40141543]
 [0.19719539 0.55371487]] 
n_total == 22 
n_test == 3 
n_pset == 16 
=========================

=========================
build_unconditioned_predictive_distributions PPESMOC
=========================
mPred == {u'mocotoy_2': array([-0.88472838,  1.39784328, -0.51311488, -0.38787727, -0.68106844,
       -0.18663148, -0.14242257, -0.65028902, -0.6583225 , -0.15413101,
       -0.15746952, -0.46738822, -0.49607884, -0.20896602, -0.56292023,
       -0.21248649, -0.16511479, -0.61087555, -0.12588732, -0.43436706,
        0.05827961,  0.20688777]), u'mocotoy_1': array([ 0.88472563, -1.39784094,  0.51311597,  0.60583414,  1.03285594,
       -1.27904216, -1.45145149, -0.64681438,  0.90201923, -1.46067744,
       -1.41440518,  0.86840657,  0.69246533, -0.43483037,  0.90928259,
       -0.4836447 , -1.38119558,  1.0416694 , -1.41823921,  0.59825459,
        0.19257229,  0.28150135])} 
VpredInv == {u'mocotoy_2': array([[ 5.00000996e+05,  3.02010442e-03,  4.77217498e-05,
         2.46803306e-01, -9.08907336e+00,  1.75644740e-01,
         2.32852465e-01, -9.02546210e-01,  2.96739543e+00,
         7.16923005e-05, -6.40938663e-05, -1.95155350e+00,
         2.00393549e+00,  1.18978194e+00, -3.79206163e+00,
        -1.27011850e+00, -2.25083005e-01,  8.60753547e+00,
        -1.26019422e-01, -1.73265619e-04,  2.53741397e-03,
        -1.29359320e-02],
       [ 3.02010442e-03,  5.00000124e+05,  3.54190396e-04,
        -1.04591479e-02, -4.57115941e-02,  1.01462345e-02,
         9.93858004e-03, -2.43472020e-02,  7.64746137e-02,
        -5.59820324e-04,  5.11054048e-04,  2.80847091e-02,
         1.15807040e-02,  1.93486007e-02, -8.31250258e-02,
        -2.02328062e-02, -1.26166516e-02,  2.69863240e-02,
        -5.34613878e-03, -1.00374828e-03, -1.95124771e-03,
        -3.89191123e-02],
       [ 4.77217498e-05,  3.54190396e-04,  5.00000461e+05,
         6.85391848e-06, -1.43503038e-04,  1.51147058e-05,
         1.18174915e-05, -5.53492965e-05, -3.46183119e-05,
         1.00256878e+00, -1.08676993e+00, -8.32644132e-05,
         8.42182671e-05,  6.35061975e-05, -3.43000808e-05,
        -6.86853746e-05, -1.58746691e-05,  1.70826651e-04,
        -6.44050840e-06, -7.65568257e-01,  1.34829418e-02,
        -2.50551741e-03],
       [ 2.46803306e-01, -1.04591479e-02,  6.85391848e-06,
         1.14914049e+02,  1.88550198e+01,  2.70354510e+01,
        -2.25391444e+01,  4.80180568e-01, -5.19873534e+01,
         1.08416400e-04, -9.78453494e-05, -1.40342955e+02,
        -8.74564529e+01,  1.18378334e+02,  2.02380858e+02,
        -1.54633751e+02,  1.45924852e+00, -4.01202109e+01,
         1.30184715e+01, -4.98981268e-05,  2.26358563e-03,
        -7.45393087e-03],
       [-9.08907336e+00, -4.57115941e-02, -1.43503038e-04,
         1.88550198e+01,  3.97493356e+02,  1.74974656e+01,
         4.07292973e+00,  7.91502585e+00, -3.02537315e+02,
         1.10219322e-04, -1.01087814e-04, -3.72536193e+01,
        -1.10560537e+02,  2.24117489e+01,  4.78070567e+02,
        -2.77424609e+01, -1.48970446e+01, -4.33607781e+02,
        -1.62899951e+00,  4.35079616e-04, -1.17474122e-03,
         2.19227644e-02],
       [ 1.75644740e-01,  1.01462345e-02,  1.51147058e-05,
         2.70354510e+01,  1.74974656e+01,  3.97367508e+02,
        -1.22195828e+02, -7.03063539e-01, -1.97575436e+01,
        -6.06828492e-05,  5.50977442e-05, -1.83121590e+01,
        -2.61448986e+01,  7.93702249e+02,  5.16461879e+01,
        -8.99997663e+02, -2.97482936e+02, -2.37667382e+01,
         1.23082004e+02, -3.39645600e-05, -7.86851468e-04,
         6.07666265e-04],
       [ 2.32852465e-01,  9.93858004e-03,  1.18174915e-05,
        -2.25391444e+01,  4.07292973e+00, -1.22195828e+02,
         2.01615552e+02, -7.75175607e-01, -1.99266160e+00,
        -6.53043204e-05,  5.92191183e-05,  1.75230099e+01,
         4.08117384e+00, -1.21342277e+02, -4.44776373e+00,
         1.66293788e+02,  3.79392302e+01, -4.74381972e+00,
        -1.55414653e+02, -2.20421339e-05, -9.58569232e-04,
         1.49248354e-03],
       [-9.02546210e-01, -2.43472020e-02, -5.53492965e-05,
         4.80180568e-01,  7.91502585e+00, -7.03063539e-01,
        -7.75175607e-01,  1.65223212e+00, -5.88876777e+00,
         1.07755025e-04, -9.80990820e-05, -6.91739770e-01,
        -1.58717398e+00, -1.81168563e+00,  6.70504980e+00,
         1.89573683e+00,  9.17170646e-01, -6.37502027e+00,
         4.11501993e-01,  1.52093513e-04,  7.53281524e-04,
         4.42136329e-03],
       [ 2.96739543e+00,  7.64746137e-02, -3.46183119e-05,
        -5.19873534e+01, -3.02537315e+02, -1.97575436e+01,
        -1.99266160e+00, -5.88876777e+00,  3.34804442e+02,
        -7.56581053e-04,  6.82499511e-04,  1.62747022e+02,
         5.68458667e+01, -9.07237744e+01, -5.05692507e+02,
         1.02500006e+02,  1.34307918e+01,  3.00977140e+02,
         6.06509107e-01,  3.08141766e-04, -1.56362929e-02,
         4.84940543e-02],
       [ 7.16923005e-05, -5.59820324e-04,  1.00256878e+00,
         1.08416400e-04,  1.10219322e-04, -6.06828492e-05,
        -6.53043204e-05,  1.07755025e-04, -7.56581053e-04,
         8.08952292e+01, -8.08076882e+01, -4.23668252e-04,
         6.80874529e-05, -4.44587739e-05,  6.76012530e-04,
         4.18261705e-05,  8.13986998e-05,  1.12513716e-04,
         3.48938798e-05, -1.78136228e+00,  2.43647570e-02,
        -4.54370116e-03],
       [-6.40938663e-05,  5.11054048e-04, -1.08676993e+00,
        -9.78453494e-05, -1.01087814e-04,  5.50977442e-05,
         5.92191183e-05, -9.80990820e-05,  6.82499511e-04,
        -8.08076882e+01,  8.12493128e+01,  3.81424574e-04,
        -6.01882407e-05,  4.12597900e-05, -6.10933188e-04,
        -3.89646959e-05, -7.38436223e-05, -9.94768756e-05,
        -3.16370446e-05,  1.78887496e+00, -2.20830732e-02,
         4.06910642e-03],
       [-1.95155350e+00,  2.80847091e-02, -8.32644132e-05,
        -1.40342955e+02, -3.72536193e+01, -1.83121590e+01,
         1.75230099e+01, -6.91739770e-01,  1.62747022e+02,
        -4.23668252e-04,  3.81424574e-04,  3.07178414e+02,
        -3.18980411e+00, -2.40774315e+02, -3.11032747e+02,
         2.76381507e+02, -6.26214206e+00,  7.37046640e+00,
        -9.57686151e+00,  3.79201997e-04, -1.02577324e-02,
         3.96404904e-02],
       [ 2.00393549e+00,  1.15807040e-02,  8.42182671e-05,
        -8.74564529e+01, -1.10560537e+02, -2.61448986e+01,
         4.08117384e+00, -1.58717398e+00,  5.68458667e+01,
         6.80874529e-05, -6.01882407e-05, -3.18980411e+00,
         3.01631565e+02,  1.40415042e+02, -4.19752178e+02,
        -1.28190337e+02,  1.72989537e+01,  2.57432601e+02,
        -3.67207260e+00, -2.91632521e-04,  3.39916929e-03,
        -1.96302895e-02],
       [ 1.18978194e+00,  1.93486007e-02,  6.35061975e-05,
         1.18378334e+02,  2.24117489e+01,  7.93702249e+02,
        -1.21342277e+02, -1.81168563e+00, -9.07237744e+01,
        -4.44587739e-05,  4.12597900e-05, -2.40774315e+02,
         1.40415042e+02,  3.08803910e+03,  6.14933431e+01,
        -3.39013212e+03, -5.34964412e+02,  3.71991108e+01,
         1.25137977e+02, -1.96019475e-04,  7.43244320e-04,
        -9.35655253e-03],
       [-3.79206163e+00, -8.31250258e-02, -3.43000808e-05,
         2.02380858e+02,  4.78070567e+02,  5.16461879e+01,
        -4.44776373e+00,  6.70504980e+00, -5.05692507e+02,
         6.76012530e-04, -6.10933188e-04, -3.11032747e+02,
        -4.19752178e+02,  6.14933431e+01,  1.24574012e+03,
        -9.58198341e+01, -3.03030460e+01, -6.77312317e+02,
         4.25434954e+00, -6.23551929e-05,  1.23331051e-02,
        -3.14678600e-02],
       [-1.27011850e+00, -2.02328062e-02, -6.86853746e-05,
        -1.54633751e+02, -2.77424609e+01, -8.99997663e+02,
         1.66293788e+02,  1.89573683e+00,  1.02500006e+02,
         4.18261705e-05, -3.89646959e-05,  2.76381507e+02,
        -1.28190337e+02, -3.39013212e+03, -9.58198341e+01,
         3.74147753e+03,  5.91145547e+02, -3.13856505e+01,
        -1.59124435e+02,  2.13567178e-04, -9.22834538e-04,
         1.04785997e-02],
       [-2.25083005e-01, -1.26166516e-02, -1.58746691e-05,
         1.45924852e+00, -1.48970446e+01, -2.97482936e+02,
         3.79392302e+01,  9.17170646e-01,  1.34307918e+01,
         8.13986998e-05, -7.38436223e-05, -6.26214206e+00,
         1.72989537e+01, -5.34964412e+02, -3.03030460e+01,
         5.91145547e+02,  2.66443702e+02,  2.06613068e+01,
        -6.68236544e+01,  3.12609896e-05,  1.16228949e-03,
        -1.64139097e-03],
       [ 8.60753547e+00,  2.69863240e-02,  1.70826651e-04,
        -4.01202109e+01, -4.33607781e+02, -2.37667382e+01,
        -4.74381972e+00, -6.37502027e+00,  3.00977140e+02,
         1.12513716e-04, -9.94768756e-05,  7.37046640e+00,
         2.57432601e+02,  3.71991108e+01, -6.77312317e+02,
        -3.13856505e+01,  2.06613068e+01,  5.76615120e+02,
         1.56818797e+00, -5.82111297e-04,  6.22928522e-03,
        -3.91596408e-02],
       [-1.26019422e-01, -5.34613878e-03, -6.44050840e-06,
         1.30184715e+01, -1.62899951e+00,  1.23082004e+02,
        -1.55414653e+02,  4.11501993e-01,  6.06509107e-01,
         3.48938798e-05, -3.16370446e-05, -9.57686151e+00,
        -3.67207260e+00,  1.25137977e+02,  4.25434954e+00,
        -1.59124435e+02, -6.68236544e+01,  1.56818797e+00,
         1.30316614e+02,  1.21510828e-05,  5.11609412e-04,
        -7.75509448e-04],
       [-1.73265619e-04, -1.00374828e-03, -7.65568257e-01,
        -4.98981268e-05,  4.35079616e-04, -3.39645600e-05,
        -2.20421339e-05,  1.52093513e-04,  3.08141766e-04,
        -1.78136228e+00,  1.78887496e+00,  3.79201997e-04,
        -2.91632521e-04, -1.96019475e-04, -6.23551929e-05,
         2.13567178e-04,  3.12609896e-05, -5.82111297e-04,
         1.21510828e-05,  1.78402165e+00, -4.80142205e-02,
         9.28656188e-03],
       [ 2.53741397e-03, -1.95124771e-03,  1.34829418e-02,
         2.26358563e-03, -1.17474122e-03, -7.86851468e-04,
        -9.58569232e-04,  7.53281524e-04, -1.56362929e-02,
         2.43647570e-02, -2.20830732e-02, -1.02577324e-02,
         3.39916929e-03,  7.43244320e-04,  1.23331051e-02,
        -9.22834538e-04,  1.16228949e-03,  6.22928522e-03,
         5.11609412e-04, -4.80142205e-02,  5.19498093e-01,
        -1.41267271e-01],
       [-1.29359320e-02, -3.89191123e-02, -2.50551741e-03,
        -7.45393087e-03,  2.19227644e-02,  6.07666265e-04,
         1.49248354e-03,  4.42136329e-03,  4.84940543e-02,
        -4.54370116e-03,  4.06910642e-03,  3.96404904e-02,
        -1.96302895e-02, -9.35655253e-03, -3.14678600e-02,
         1.04785997e-02, -1.64139097e-03, -3.91596408e-02,
        -7.75509448e-04,  9.28656188e-03, -1.41267271e-01,
         5.30597335e-01]]), u'mocotoy_1': array([[ 5.06335722e+05,  5.09926831e+00,  7.58946775e+01,
         2.56188144e+03, -6.23755266e+03, -2.38321705e+01,
        -2.52180196e+00,  3.82626590e+01, -4.17461961e+04,
         1.42576886e+02, -1.59276977e+02,  1.13077050e+04,
        -5.34349436e+03, -6.04241749e+02,  2.10431629e+04,
         5.37545319e+02,  1.23958597e+01,  5.91541424e+03,
        -2.06664998e+00, -2.55080201e+02,  1.38242083e+01,
        -2.53794209e+01],
       [ 5.09926831e+00,  5.00029445e+05, -5.50957114e-01,
        -5.62956619e+01, -1.36780236e+02, -5.71930804e+01,
        -1.81577403e+01, -7.60699883e+01, -3.79929871e+00,
        -3.24220018e+01,  1.58457924e+01, -1.55597917e+02,
         1.05733675e+02, -5.27358187e+01,  1.16267881e+02,
         1.18072682e+02,  2.91148051e+01,  1.20411008e+02,
         1.29428231e+01,  1.65121364e+00,  3.34147881e-02,
         1.28549291e-02],
       [ 7.58946775e+01, -5.50957114e-01,  5.00012590e+05,
         3.84203173e+01,  1.50078474e+01,  3.39885543e-01,
         2.39742988e-01, -2.01189755e-02, -3.94391806e+02,
        -6.70534623e+00,  7.71397895e+00,  1.37877401e+02,
        -7.69612151e+01, -6.87668242e+00,  1.48664079e+02,
         6.09057417e+00, -4.61804750e-02, -1.28749875e+01,
        -2.31491285e-02, -2.94058460e+01,  2.49763495e+00,
        -5.50622413e+00],
       [ 2.56188144e+03, -5.62956619e+01,  3.84203173e+01,
         2.05612356e+04, -1.15716444e+04, -4.19836561e+02,
        -7.68269276e+01,  4.82763083e+02,  1.51682885e+04,
         9.67711004e+01, -8.69863898e+01,  1.72280194e+04,
        -2.99042452e+04, -1.19374424e+04, -2.57143982e+04,
         1.07795601e+04,  3.32244339e+02,  1.00822560e+04,
         3.32837304e+01, -1.32480353e+02, -1.16290379e+00,
        -1.82847605e+00],
       [-6.23755266e+03, -1.36780236e+02,  1.50078474e+01,
        -1.15716444e+04,  1.14132999e+05,  1.87893811e+02,
         2.93720339e+01,  9.59915949e+02, -2.14162404e+04,
        -4.68184211e+02,  5.67588356e+02,  1.07602418e+04,
         1.67096458e+04,  5.04151073e+03,  5.96052674e+03,
        -5.57018609e+03, -3.33692420e+01, -1.02377810e+05,
        -9.30308640e+00, -2.86794287e+02, -1.38954418e+02,
         1.90525512e+02],
       [-2.38321705e+01, -5.71930804e+01,  3.39885543e-01,
        -4.19836561e+02,  1.87893811e+02,  2.03600397e+03,
         1.04517801e+03,  1.35966798e+02, -1.44260566e+02,
         2.73800363e+01, -1.59532413e+00,  6.87991245e+01,
         3.79600604e+02,  4.94677399e+03,  5.72682143e+01,
        -5.34999993e+03, -2.07656483e+03, -1.61036248e+02,
        -5.69902387e+02, -1.06172579e+00, -1.60592238e-03,
        -3.15947462e-02],
       [-2.52180196e+00, -1.81577403e+01,  2.39742988e-01,
        -7.68269276e+01,  2.93720339e+01,  1.04517801e+03,
         1.44919337e+03,  1.80794256e+01, -3.16611315e+01,
        -3.97764362e+01,  4.51887726e+01,  7.05881800e+00,
         7.19626622e+01,  1.04794407e+03,  1.58997057e+01,
        -1.15101248e+03, -1.43101387e+03, -2.45957406e+01,
        -9.40724267e+02, -8.14895503e-01,  7.75326599e-03,
        -3.21379759e-02],
       [ 3.82626590e+01, -7.60699883e+01, -2.01189755e-02,
         4.82763083e+02,  9.59915949e+02,  1.35966798e+02,
         1.80794256e+01,  3.92525774e+02, -3.63560418e+02,
         1.84367196e+02, -1.64842885e+02,  1.55182214e+03,
        -9.84481910e+02,  6.32410029e+02, -8.90172372e+02,
        -9.73128894e+02, -4.34635446e+01, -8.47302687e+02,
        -1.65988319e+01,  1.14939722e+00, -3.87807451e-01,
         4.82448868e-01],
       [-4.17461961e+04, -3.79929871e+00, -3.94391806e+02,
         1.51682885e+04, -2.14162404e+04, -1.44260566e+02,
        -3.16611315e+01, -3.63560418e+02,  4.20150709e+05,
        -8.52504689e+02,  9.46292697e+02, -3.57258752e+03,
        -2.32115617e+04, -4.94248135e+03, -3.25215007e+05,
         4.83526515e+03,  1.00471864e+02,  2.14121664e+04,
         3.56083122e+01,  1.32434739e+03,  2.08959726e+01,
         7.33060861e+00],
       [ 1.42576886e+02, -3.24220018e+01, -6.70534623e+00,
         9.67711004e+01, -4.68184211e+02,  2.73800363e+01,
        -3.97764362e+01,  1.84367196e+02, -8.52504689e+02,
         6.02230941e+02, -5.99674813e+02,  2.98394226e+02,
        -2.01432865e+02,  5.32878030e+01,  4.20255523e+02,
        -1.87151670e+02,  1.57307377e+01,  4.16307273e+02,
         5.55579900e+00,  2.09301247e+01, -6.96884756e-02,
         7.75946250e-01],
       [-1.59276977e+02,  1.58457924e+01,  7.71397895e+00,
        -8.69863898e+01,  5.67588356e+02, -1.59532413e+00,
         4.51887726e+01, -1.64842885e+02,  9.46292697e+02,
        -5.99674813e+02,  6.12499500e+02, -2.78226565e+02,
         1.86750867e+02, -6.04563013e+01, -5.06437431e+02,
         1.78426559e+02, -2.66777737e+01, -5.04203351e+02,
        -1.00178497e+01, -2.40502696e+01,  7.29954050e-02,
        -8.83474121e-01],
       [ 1.13077050e+04, -1.55597917e+02,  1.37877401e+02,
         1.72280194e+04,  1.07602418e+04,  6.87991245e+01,
         7.05881800e+00,  1.55182214e+03, -3.57258752e+03,
         2.98394226e+02, -2.78226565e+02,  1.09852685e+05,
        -4.38426851e+04,  1.67531821e+03, -1.08793162e+05,
        -2.96328639e+03,  6.89623733e+01, -3.96403136e+03,
        -1.61413940e+01, -6.25066663e+02,  5.22173929e+01,
        -7.80505165e+01],
       [-5.34349436e+03,  1.05733675e+02, -7.69612151e+01,
        -2.99042452e+04,  1.67096458e+04,  3.79600604e+02,
         7.19626622e+01, -9.84481910e+02, -2.32115617e+04,
        -2.01432865e+02,  1.86750867e+02, -4.38426851e+04,
         4.83353076e+04,  1.16901110e+04,  5.68538860e+04,
        -1.00280065e+04, -3.41696717e+02, -1.53485624e+04,
        -2.68198802e+01,  2.74356251e+02, -1.49053749e+00,
         8.55355344e+00],
       [-6.04241749e+02, -5.27358187e+01, -6.87668242e+00,
        -1.19374424e+04,  5.04151073e+03,  4.94677399e+03,
         1.04794407e+03,  6.32410029e+02, -4.94248135e+03,
         5.32878030e+01, -6.04563013e+01,  1.67531821e+03,
         1.16901110e+04,  4.70214472e+04,  2.29983310e+03,
        -4.75268675e+04, -3.80279002e+03, -4.33031433e+03,
        -5.10193678e+02,  2.55869600e+01, -1.75511158e-01,
         7.63901424e-01],
       [ 2.10431629e+04,  1.16267881e+02,  1.48664079e+02,
        -2.57143982e+04,  5.96052674e+03,  5.72682143e+01,
         1.58997057e+01, -8.90172372e+02, -3.25215007e+05,
         4.20255523e+02, -5.06437431e+02, -1.08793162e+05,
         5.68538860e+04,  2.29983310e+03,  3.68580337e+05,
        -1.27642086e+03, -1.22833191e+02, -1.39660488e+04,
        -1.30895360e+01, -3.00396816e+02, -1.04822092e+02,
         1.21500172e+02],
       [ 5.37545319e+02,  1.18072682e+02,  6.09057417e+00,
         1.07795601e+04, -5.57018609e+03, -5.34999993e+03,
        -1.15101248e+03, -9.73128894e+02,  4.83526515e+03,
        -1.87151670e+02,  1.78426559e+02, -2.96328639e+03,
        -1.00280065e+04, -4.75268675e+04, -1.27642086e+03,
         4.84602673e+04,  4.10504898e+03,  4.80628023e+03,
         5.66164837e+02, -2.38422144e+01,  5.23142211e-01,
        -1.12568265e+00],
       [ 1.23958597e+01,  2.91148051e+01, -4.61804750e-02,
         3.32244339e+02, -3.33692420e+01, -2.07656483e+03,
        -1.43101387e+03, -4.34635446e+01,  1.00471864e+02,
         1.57307377e+01, -2.66777737e+01,  6.89623733e+01,
        -3.41696717e+02, -3.80279002e+03, -1.22833191e+02,
         4.10504898e+03,  2.33366910e+03,  2.60269592e+01,
         8.16253494e+02,  2.40401006e-01, -3.07313165e-02,
         4.22722025e-02],
       [ 5.91541424e+03,  1.20411008e+02, -1.28749875e+01,
         1.00822560e+04, -1.02377810e+05, -1.61036248e+02,
        -2.45957406e+01, -8.47302687e+02,  2.14121664e+04,
         4.16307273e+02, -5.04203351e+02, -3.96403136e+03,
        -1.53485624e+04, -4.33031433e+03, -1.39660488e+04,
         4.80628023e+03,  2.60269592e+01,  9.25968240e+04,
         7.40149669e+00,  2.30513699e+02,  1.48620287e+02,
        -2.01688762e+02],
       [-2.06664998e+00,  1.29428231e+01, -2.31491285e-02,
         3.32837304e+01, -9.30308640e+00, -5.69902387e+02,
        -9.40724267e+02, -1.65988319e+01,  3.56083122e+01,
         5.55579900e+00, -1.00178497e+01, -1.61413940e+01,
        -2.68198802e+01, -5.10193678e+02, -1.30895360e+01,
         5.66164837e+02,  8.16253494e+02,  7.40149669e+00,
         6.33074283e+02,  1.10925419e-01, -2.58949189e-03,
         4.22548538e-03],
       [-2.55080201e+02,  1.65121364e+00, -2.94058460e+01,
        -1.32480353e+02, -2.86794287e+02, -1.06172579e+00,
        -8.14895503e-01,  1.14939722e+00,  1.32434739e+03,
         2.09301247e+01, -2.40502696e+01, -6.25066663e+02,
         2.74356251e+02,  2.55869600e+01, -3.00396816e+02,
        -2.38422144e+01,  2.40401006e-01,  2.30513699e+02,
         1.10925419e-01,  7.80698579e+01, -4.70720954e+00,
         1.04337631e+01],
       [ 1.38242083e+01,  3.34147881e-02,  2.49763495e+00,
        -1.16290379e+00, -1.38954418e+02, -1.60592238e-03,
         7.75326599e-03, -3.87807451e-01,  2.08959726e+01,
        -6.96884756e-02,  7.29954050e-02,  5.22173929e+01,
        -1.49053749e+00, -1.75511158e-01, -1.04822092e+02,
         5.23142211e-01, -3.07313165e-02,  1.48620287e+02,
        -2.58949189e-03, -4.70720954e+00,  2.47248860e+01,
        -2.63732184e+01],
       [-2.53794209e+01,  1.28549291e-02, -5.50622413e+00,
        -1.82847605e+00,  1.90525512e+02, -3.15947462e-02,
        -3.21379759e-02,  4.82448868e-01,  7.33060861e+00,
         7.75946250e-01, -8.83474121e-01, -7.80505165e+01,
         8.55355344e+00,  7.63901424e-01,  1.21500172e+02,
        -1.12568265e+00,  4.22722025e-02, -2.01688762e+02,
         4.22548538e-03,  1.04337631e+01, -2.63732184e+01,
         3.04564010e+01]])} 
VpredInv_cons == {u'c2': array([[ 5.00001771e+05, -6.27561151e-03,  2.79720389e-04,
         1.84756616e+00, -1.59124973e+01,  1.77712412e+00,
         1.16873959e+00, -8.69547283e-01, -6.07394102e+00,
         1.07565165e-03,  5.95774224e-05, -1.21940228e+01,
         2.71513667e+00,  4.16658803e+00,  1.26605802e+01,
        -4.67805821e+00, -1.84773541e+00,  1.44186553e+01,
        -6.39723159e-01, -3.75683423e-03,  3.27926847e-02,
        -8.54372282e-02],
       [-6.27561151e-03,  5.00000058e+05,  7.14348682e-03,
        -8.90799130e-02, -2.64144770e-01,  9.86640589e-02,
         7.08293530e-02, -7.12384527e-02,  4.90675978e-01,
        -4.42800274e-02,  4.29224902e-02,  1.95947881e-01,
         1.83976950e-01,  7.09923333e-02, -7.59458188e-01,
        -8.44766005e-02, -1.06157430e-01,  2.83459216e-01,
        -4.22733529e-02, -1.90458415e-02,  1.02152556e-04,
        -1.47620332e-02],
       [ 2.79720389e-04,  7.14348682e-03,  5.00000423e+05,
        -5.64881206e-03, -2.80131500e-02,  6.59662930e-03,
         4.55527464e-03, -6.41265799e-03,  3.83060704e-02,
         9.48435170e-01, -9.51707563e-01,  1.21268826e-02,
         1.28980527e-02,  2.20340300e-03, -5.43236952e-02,
        -3.17908409e-03, -6.83828275e-03,  2.68059482e-02,
        -2.85175399e-03, -7.87695825e-01,  1.93242450e-02,
        -1.29173763e-03],
       [ 1.84756616e+00, -8.90799130e-02, -5.64881206e-03,
         2.72786355e+02, -4.59186660e+01, -2.70748184e-01,
        -3.08774581e+01,  1.22874651e+00, -6.77656787e+01,
         4.79510438e-02, -4.62082292e-02, -3.30440763e+02,
        -2.56689848e+02, -1.60570629e+02,  4.60453464e+02,
         1.24150895e+02,  2.15076362e+01, -1.00104186e+01,
         1.83770020e+01,  1.57048014e-02, -1.58471356e-03,
         5.40404996e-03],
       [-1.59124973e+01, -2.64144770e-01, -2.80131500e-02,
        -4.59186660e+01,  7.05426288e+02, -1.81370447e-01,
        -1.84387755e+00,  1.26917901e+01, -4.77461597e+02,
         1.04594578e-01, -9.73415524e-02,  4.56654082e+01,
        -5.35795971e+01, -3.57140158e+01,  5.51480925e+02,
         4.14437806e+01, -1.25683278e+00, -7.09960780e+02,
         1.17956891e+00,  5.98253546e-02,  1.52793643e-01,
        -2.83744627e-01],
       [ 1.77712412e+00,  9.86640589e-02,  6.59662930e-03,
        -2.70748184e-01, -1.81370447e-01,  3.10827320e+02,
        -1.32855017e+01, -3.47403135e+00, -2.76995705e+01,
        -5.49897218e-02,  5.35296237e-02, -4.54173309e+01,
         2.97446394e+01,  7.54735542e+02,  4.24890459e+01,
        -8.30318435e+02, -2.59165652e+02,  1.99408488e+00,
         3.70175359e+01, -1.95574999e-02,  1.57325383e-02,
        -5.04472078e-02],
       [ 1.16873959e+00,  7.08293530e-02,  4.55527464e-03,
        -3.08774581e+01, -1.84387755e+00, -1.32855017e+01,
         1.63288843e+02, -2.68966830e+00,  2.93511269e+00,
        -3.79920357e-02,  3.68706433e-02,  2.44878322e+01,
         1.09458864e+01,  3.70223425e+01, -1.29371323e+01,
        -1.44516545e+01, -4.66229902e+01, -2.20328099e+00,
        -1.17232086e+02, -1.32189990e-02,  7.66883017e-03,
        -2.66807215e-02],
       [-8.69547283e-01, -7.12384527e-02, -6.41265799e-03,
         1.22874651e+00,  1.26917901e+01, -3.47403135e+00,
        -2.68966830e+00,  1.33707478e+00, -8.11742932e+00,
         3.92042868e-02, -3.81672538e-02, -5.96841220e-01,
        -3.93449925e+00, -5.27451286e+00,  1.13826825e+01,
         5.81615781e+00,  3.93800719e+00, -1.18893356e+01,
         1.50174104e+00,  1.79683961e-02, -7.32637259e-03,
         3.23477517e-02],
       [-6.07394102e+00,  4.90675978e-01,  3.83060704e-02,
        -6.77656787e+01, -4.77461597e+02, -2.76995705e+01,
         2.93511269e+00, -8.11742932e+00,  7.80231791e+02,
        -2.03487214e-01,  1.84662340e-01,  4.65897363e+02,
         1.37498558e+01, -1.79440727e+02, -1.18433951e+03,
         1.93224485e+02,  1.71974972e+01,  4.85287838e+02,
        -2.70257303e+00, -6.59399935e-02, -3.93982676e-01,
         9.08449695e-01],
       [ 1.07565165e-03, -4.42800274e-02,  9.48435170e-01,
         4.79510438e-02,  1.04594578e-01, -5.49897218e-02,
        -3.79920357e-02,  3.92042868e-02, -2.03487214e-01,
         5.74305700e+01, -5.76189622e+01, -8.37561163e-02,
        -1.10161264e-01, -4.78166703e-02,  3.55366761e-01,
         5.52983712e-02,  5.93702702e-02, -1.29527255e-01,
         2.19757495e-02, -1.03790994e+00, -9.81635028e-02,
         4.78113497e-02],
       [ 5.95774224e-05,  4.29224902e-02, -9.51707563e-01,
        -4.62082292e-02, -9.73415524e-02,  5.35296237e-02,
         3.68706433e-02, -3.81672538e-02,  1.84662340e-01,
        -5.76189622e+01,  5.80367484e+01,  7.55213803e-02,
         1.09268105e-01,  4.78448469e-02, -3.32631321e-01,
        -5.52107290e-02, -5.77098797e-02,  1.23725447e-01,
        -2.13217680e-02,  9.47366840e-01,  1.15378440e-01,
        -5.36860761e-02],
       [-1.21940228e+01,  1.95947881e-01,  1.21268826e-02,
        -3.30440763e+02,  4.56654082e+01, -4.54173309e+01,
         2.44878322e+01, -5.96841220e-01,  4.65897363e+02,
        -8.37561163e-02,  7.55213803e-02,  8.29735350e+02,
         1.43299707e+02, -3.01654508e+02, -1.14178630e+03,
         3.56332728e+02,  1.05438070e+01, -1.56608123e+01,
        -1.59408551e+01, -1.74818071e-02, -1.66013963e-01,
         4.09452312e-01],
       [ 2.71513667e+00,  1.83976950e-01,  1.28980527e-02,
        -2.56689848e+02, -5.35795971e+01,  2.97446394e+01,
         1.09458864e+01, -3.93449925e+00,  1.37498558e+01,
        -1.10161264e-01,  1.09268105e-01,  1.43299707e+02,
         4.56270505e+02,  5.05024973e+02, -5.24024435e+02,
        -5.00150412e+02, -2.41972627e+01,  2.04591192e+02,
        -5.74717822e+00, -4.50021064e-02,  1.01326739e-01,
        -2.60814424e-01],
       [ 4.16658803e+00,  7.09923333e-02,  2.20340300e-03,
        -1.60570629e+02, -3.57140158e+01,  7.54735542e+02,
         3.70223425e+01, -5.27451286e+00, -1.79440727e+02,
        -4.78166703e-02,  4.78448469e-02, -3.01654508e+02,
         5.05024973e+02,  3.69951736e+03,  1.67226337e+01,
        -3.92903261e+03, -5.69037337e+02,  1.48788042e+02,
         1.47085293e+01, -1.26142331e-02,  6.39582251e-02,
        -1.53905941e-01],
       [ 1.26605802e+01, -7.59458188e-01, -5.43236952e-02,
         4.60453464e+02,  5.51480925e+02,  4.24890459e+01,
        -1.29371323e+01,  1.13826825e+01, -1.18433951e+03,
         3.55366761e-01, -3.32631321e-01, -1.14178630e+03,
        -5.24024435e+02,  1.67226337e+01,  2.59067071e+03,
        -5.95989438e+01, -2.11182928e+01, -7.64303490e+02,
         9.23566347e+00,  1.16280093e-01,  3.32124257e-01,
        -7.67321310e-01],
       [-4.67805821e+00, -8.44766005e-02, -3.17908409e-03,
         1.24150895e+02,  4.14437806e+01, -8.30318435e+02,
        -1.44516545e+01,  5.81615781e+00,  1.93224485e+02,
         5.52983712e-02, -5.52107290e-02,  3.56332728e+02,
        -5.00150412e+02, -3.92903261e+03, -5.95989438e+01,
         4.19333525e+03,  6.13737283e+02, -1.56230324e+02,
        -3.31250769e+01,  1.57047287e-02, -6.85326148e-02,
         1.67406865e-01],
       [-1.84773541e+00, -1.06157430e-01, -6.83828275e-03,
         2.15076362e+01, -1.25683278e+00, -2.59165652e+02,
        -4.66229902e+01,  3.93800719e+00,  1.71974972e+01,
         5.93702702e-02, -5.77098797e-02,  1.05438070e+01,
        -2.41972627e+01, -5.69037337e+02, -2.11182928e+01,
         6.13737283e+02,  2.50944227e+02,  3.43856509e+00,
         3.53875378e+00,  2.01800576e-02, -1.48323942e-02,
         4.82294965e-02],
       [ 1.44186553e+01,  2.83459216e-01,  2.68059482e-02,
        -1.00104186e+01, -7.09960780e+02,  1.99408488e+00,
        -2.20328099e+00, -1.18893356e+01,  4.85287838e+02,
        -1.29527255e-01,  1.23725447e-01, -1.56608123e+01,
         2.04591192e+02,  1.48788042e+02, -7.64303490e+02,
        -1.56230324e+02,  3.43856509e+00,  7.96827167e+02,
         1.24374666e+00, -6.55445230e-02, -6.53309889e-02,
         9.30390386e-02],
       [-6.39723159e-01, -4.22733529e-02, -2.85175399e-03,
         1.83770020e+01,  1.17956891e+00,  3.70175359e+01,
        -1.17232086e+02,  1.50174104e+00, -2.70257303e+00,
         2.19757495e-02, -2.13217680e-02, -1.59408551e+01,
        -5.74717822e+00,  1.47085293e+01,  9.23566347e+00,
        -3.31250769e+01,  3.53875378e+00,  1.24374666e+00,
         9.03407921e+01,  8.17160475e-03, -4.01894514e-03,
         1.49369828e-02],
       [-3.75683423e-03, -1.90458415e-02, -7.87695825e-01,
         1.57048014e-02,  5.98253546e-02, -1.95574999e-02,
        -1.32189990e-02,  1.79683961e-02, -6.59399935e-02,
        -1.03790994e+00,  9.47366840e-01, -1.74818071e-02,
        -4.50021064e-02, -1.26142331e-02,  1.16280093e-01,
         1.57047287e-02,  2.01800576e-02, -6.55445230e-02,
         8.17160475e-03,  1.71952690e+00, -1.04942800e-01,
         2.77369780e-02],
       [ 3.27926847e-02,  1.02152556e-04,  1.93242450e-02,
        -1.58471356e-03,  1.52793643e-01,  1.57325383e-02,
         7.66883017e-03, -7.32637259e-03, -3.93982676e-01,
        -9.81635028e-02,  1.15378440e-01, -1.66013963e-01,
         1.01326739e-01,  6.39582251e-02,  3.32124257e-01,
        -6.85326148e-02, -1.48323942e-02, -6.53309889e-02,
        -4.01894514e-03, -1.04942800e-01,  3.34227701e-01,
        -2.06201477e-01],
       [-8.54372282e-02, -1.47620332e-02, -1.29173763e-03,
         5.40404996e-03, -2.83744627e-01, -5.04472078e-02,
        -2.66807215e-02,  3.23477517e-02,  9.08449695e-01,
         4.78113497e-02, -5.36860761e-02,  4.09452312e-01,
        -2.60814424e-01, -1.53905941e-01, -7.67321310e-01,
         1.67406865e-01,  4.82294965e-02,  9.30390386e-02,
         1.49369828e-02,  2.77369780e-02, -2.06201477e-01,
         3.33998611e-01]]), u'c1': array([[ 5.00007458e+05, -1.33374328e-06,  2.17873620e-04,
         2.06636132e-01, -3.49469276e+00, -2.08906152e-06,
        -5.12289166e-08, -1.10580024e-04, -6.32741041e+01,
         2.09452865e-08,  6.01490958e-07,  4.10138301e+00,
        -4.85948611e-01, -2.39226049e-03,  4.54685983e+01,
         2.14595275e-03,  1.12264083e-06,  3.02192439e+00,
         2.25565564e-08, -3.64890574e-03,  4.66013830e-10,
        -2.09370556e-09],
       [-1.33374328e-06,  5.00000090e+05, -9.57295303e-11,
        -1.65421275e-05, -5.16591137e-07, -7.74513407e-02,
        -6.21728127e-04, -7.79038096e-03,  9.40927923e-06,
         1.63386322e-02, -6.44493776e-02, -5.49886461e-06,
         1.32959542e-05,  4.66944213e-03, -3.49004408e-06,
        -6.67360663e-04,  1.40028915e-02,  4.29381934e-07,
         2.75583706e-04,  1.18308979e-09, -1.75177647e-16,
         7.96674192e-16],
       [ 2.17873620e-04, -9.57295303e-11,  5.00000069e+05,
         1.77910063e-05, -1.53893837e-03, -2.10095321e-10,
        -4.76782167e-12, -1.53915486e-08, -3.38993956e-04,
        -1.12374085e-11,  6.46211672e-11,  1.87851135e-04,
        -3.77823120e-05, -2.39405244e-07, -2.89220699e-04,
         2.18670477e-07,  1.05217878e-10,  2.11249618e-03,
         2.10144884e-12, -2.64415750e-02,  1.59413098e-07,
        -7.20136374e-07],
       [ 2.06636132e-01, -1.65421275e-05,  1.77910063e-05,
         1.35335235e+00,  7.57515339e-02, -3.07678150e-05,
        -7.23361290e-07, -1.97027752e-03, -1.24805413e+00,
        -8.24046205e-07,  9.26924791e-06,  8.20524727e-01,
        -1.42664032e+00, -3.48020627e-02,  3.38452118e-01,
         3.16185692e-02,  1.59136062e-05, -6.17093743e-02,
         3.18680765e-07, -2.28580462e-04,  3.29099419e-11,
        -1.49516522e-10],
       [-3.49469276e+00, -5.16591137e-07, -1.53893837e-03,
         7.57515339e-02,  2.80622574e+01, -7.95647215e-07,
        -1.95585015e-08, -4.06040127e-05,  2.82433255e+01,
        -8.41695422e-09,  2.55414042e-07,  3.85547599e-01,
        -1.71050633e-01, -9.09019574e-04, -2.31359154e+01,
         8.14097176e-04,  4.29283762e-07, -2.70851502e+01,
         8.61337468e-09,  4.02808624e-02, -3.77725106e-09,
         1.67728727e-08],
       [-2.08906152e-06, -7.74513407e-02, -2.10095321e-10,
        -3.07678150e-05, -7.95647215e-07,  4.56707969e-01,
         1.17952930e-02,  1.85537209e-03,  9.99549659e-06,
        -1.05997865e-02,  3.67938777e-02, -9.11764414e-06,
         2.41464198e-05,  1.06033378e-02, -5.87979039e-07,
        -1.34002810e-02, -2.29460390e-01,  6.39516461e-07,
        -5.22819590e-03,  2.74403184e-09, -3.90471493e-16,
         1.77321664e-15],
       [-5.12289166e-08, -6.21728127e-04, -4.76782167e-12,
        -7.23361290e-07, -1.95585015e-08,  1.17952930e-02,
         4.47735978e-01, -4.48604617e-05,  2.75007537e-07,
        -2.06848847e-03,  1.76065990e-03, -2.20246586e-07,
         5.70764802e-07,  2.42081185e-04, -4.52630073e-08,
        -2.54468630e-04, -2.82749044e-02,  1.58584143e-08,
        -2.82784937e-01,  6.16208727e-11, -8.83447097e-18,
         4.01305063e-17],
       [-1.10580024e-04, -7.79038096e-03, -1.53915486e-08,
        -1.97027752e-03, -4.06040127e-05,  1.85537209e-03,
        -4.48604617e-05,  8.98441185e-01,  1.89987177e-04,
         3.30733888e-03, -1.72896771e-03, -5.16945776e-04,
         1.51161930e-03,  8.28673614e-01,  3.16624823e-04,
        -1.54219354e+00,  7.99236011e-04,  3.10141134e-05,
         1.92278519e-05,  2.08764623e-07, -2.89195474e-14,
         1.31197694e-13],
       [-6.32741041e+01,  9.40927923e-06, -3.38993956e-04,
        -1.24805413e+00,  2.82433255e+01,  9.99549659e-06,
         2.75007537e-07,  1.89987177e-04,  6.14027157e+02,
        -9.53178116e-07, -2.83240348e-06, -3.59092623e+01,
         3.31338044e+00,  1.15310739e-02, -4.61636659e+02,
        -1.00321581e-02, -5.97724393e-06, -2.39367062e+01,
        -1.20941268e-07,  8.92385506e-03, -1.01660063e-09,
         4.47662444e-09],
       [ 2.09452865e-08,  1.63386322e-02, -1.12374085e-11,
        -8.24046205e-07, -8.41695422e-09, -1.05997865e-02,
        -2.06848847e-03,  3.30733888e-03, -9.53178116e-07,
         9.69310132e-01, -8.32603096e-01, -7.83899661e-08,
         5.70303839e-07,  7.94322543e-04,  9.29096855e-07,
        -2.88094010e-03, -1.91170724e-02,  3.73581557e-09,
         7.78305973e-04,  1.59406189e-10, -2.14980550e-17,
         9.73807323e-17],
       [ 6.01490958e-07, -6.44493776e-02,  6.46211672e-11,
         9.26924791e-06,  2.55414042e-07,  3.67938777e-02,
         1.76065990e-03, -1.72896771e-03, -2.83240348e-06,
        -8.32603096e-01,  1.01229008e+00,  2.74103488e-06,
        -7.28633717e-06, -3.55369595e-03,  5.82002264e-08,
         5.12238103e-03,  4.75517965e-03, -2.06432000e-07,
        -6.78538170e-04, -8.36141742e-10,  1.19918875e-16,
        -5.44670907e-16],
       [ 4.10138301e+00, -5.49886461e-06,  1.87851135e-04,
         8.20524727e-01,  3.85547599e-01, -9.11764414e-06,
        -2.20246586e-07, -5.16945776e-04, -3.59092623e+01,
        -7.83899661e-08,  2.74103488e-06,  5.80422054e+00,
        -1.68981793e+00, -1.04249367e-02,  2.30383288e+01,
         9.38307379e-03,  4.83520111e-06, -3.29744657e-01,
         9.70006518e-08, -2.39206123e-03,  3.50604322e-10,
        -1.59198327e-09],
       [-4.85948611e-01,  1.32959542e-05, -3.77823120e-05,
        -1.42664032e+00, -1.71050633e-01,  2.41464198e-05,
         5.70764802e-07,  1.51161930e-03,  3.31338044e+00,
         5.70303839e-07, -7.28633717e-06, -1.68981793e+00,
         1.98619691e+00,  2.74759205e-02, -1.25353866e+00,
        -2.48886933e-02, -1.25517106e-05,  1.40337047e-01,
        -2.51438844e-07,  4.80460375e-04, -6.96900859e-11,
         3.16700861e-10],
       [-2.39226049e-03,  4.66944213e-03, -2.39405244e-07,
        -3.48020627e-02, -9.09019574e-04,  1.06033378e-02,
         2.42081185e-04,  8.28673614e-01,  1.15310739e-02,
         7.94322543e-04, -3.55369595e-03, -1.04249367e-02,
         2.74759205e-02,  6.81546372e+00, -7.64930163e-04,
        -7.33870663e+00, -5.33780958e-03,  7.30865702e-04,
        -1.06728026e-04,  3.12598048e-06, -4.44899502e-13,
         2.02040417e-12],
       [ 4.54685983e+01, -3.49004408e-06, -2.89220699e-04,
         3.38452118e-01, -2.31359154e+01, -5.87979039e-07,
        -4.52630073e-08,  3.16624823e-04, -4.61636659e+02,
         9.29096855e-07,  5.82002264e-08,  2.30383288e+01,
        -1.25353866e+00, -7.64930163e-04,  3.54877809e+02,
         3.66580066e-04,  9.39177551e-07,  1.95381167e+01,
         1.97735632e-08,  4.42570540e-04, -2.49991141e-10,
         1.23926773e-09],
       [ 2.14595275e-03, -6.67360663e-04,  2.18670477e-07,
         3.16185692e-02,  8.14097176e-04, -1.34002810e-02,
        -2.54468630e-04, -1.54219354e+00, -1.00321581e-02,
        -2.88094010e-03,  5.12238103e-03,  9.38307379e-03,
        -2.48886933e-02, -7.33870663e+00,  3.66580066e-04,
         8.69910724e+00,  5.71667755e-03, -6.53066323e-04,
         1.12518121e-04, -2.86230575e-06,  4.06654352e-13,
        -1.84660190e-12],
       [ 1.12264083e-06,  1.40028915e-02,  1.05217878e-10,
         1.59136062e-05,  4.29283762e-07, -2.29460390e-01,
        -2.82749044e-02,  7.99236011e-04, -5.97724393e-06,
        -1.91170724e-02,  4.75517965e-03,  4.83520111e-06,
        -1.25517106e-05, -5.33780958e-03,  9.39177551e-07,
         5.71667755e-03,  3.92902037e-01, -3.47877736e-07,
         1.27687603e-02, -1.36079298e-09,  1.95003914e-16,
        -8.85786370e-16],
       [ 3.02192439e+00,  4.29381934e-07,  2.11249618e-03,
        -6.17093743e-02, -2.70851502e+01,  6.39516461e-07,
         1.58584143e-08,  3.10141134e-05, -2.39367062e+01,
         3.73581557e-09, -2.06432000e-07, -3.29744657e-01,
         1.40337047e-01,  7.30865702e-04,  1.95381167e+01,
        -6.53066323e-04, -3.47877736e-07,  2.64867617e+01,
        -6.98329546e-09, -4.90871955e-02,  4.89768535e-09,
        -2.18367786e-08],
       [ 2.25565564e-08,  2.75583706e-04,  2.10144884e-12,
         3.18680765e-07,  8.61337468e-09, -5.22819590e-03,
        -2.82784937e-01,  1.92278519e-05, -1.20941268e-07,
         7.78305973e-04, -6.78538170e-04,  9.70006518e-08,
        -2.51438844e-07, -1.06728026e-04,  1.97735632e-08,
         1.12518121e-04,  1.27687603e-02, -6.98329546e-09,
         4.46044492e-01, -2.71626915e-11,  3.89397938e-18,
        -1.76883140e-17],
       [-3.64890574e-03,  1.18308979e-09, -2.64415750e-02,
        -2.28580462e-04,  4.02808624e-02,  2.74403184e-09,
         6.16208727e-11,  2.08764623e-07,  8.92385506e-03,
